DipoleDipole 4X21_1
2
11
3
Type of measurement (0=app.resistivity,1=resistance)
1
1149
2
0
4	100	0	98	0	82	0	84	0	0.0475194807962658
4	86	0	84	0	74	0	76	0	0.217186627631684
4	98	0	96	0	86	0	88	0	0.191632799894698
4	108	0	92	0	60	0	76	0	0.815540283977146
4	84	0	82	0	74	0	76	0	0.456007345728549
4	152	0	140	0	92	0	104	0	0.0802656710610509
4	112	0	108	0	72	0	76	0	0.0182225984624775
4	100	0	96	0	68	0	72	0	0.0631652776958662
4	96	0	94	0	86	0	88	0	0.33757945992555
4	96	0	94	0	76	0	78	0	0.0316418792294511
4	106	0	104	0	86	0	88	0	0.0665765073106034
4	82	0	80	0	74	0	76	0	1.37402949825311
4	44	0	40	0	4	0	8	0	0.021417919649236
4	128	0	120	0	64	0	72	0	0.0296219049904288
4	94	0	92	0	86	0	88	0	1.27727029526678
4	94	0	92	0	76	0	78	0	0.0512196944550467
4	104	0	102	0	86	0	88	0	0.079173082476482
4	108	0	104	0	72	0	76	0	0.0451965897922296
4	56	0	44	0	8	0	20	0	0.15749242864791
4	140	0	120	0	60	0	80	0	0.137315676299371
4	96	0	92	0	72	0	76	0	0.10820758421629
4	80	0	72	0	48	0	56	0	0.303004699674229
4	152	0	132	0	52	0	72	0	0.0720156947658984
4	112	0	104	0	64	0	72	0	0.108541508742545
4	64	0	56	0	0	0	8	0	0.0294144339666813
4	160	0	148	0	52	0	64	0	0.0174832606581719
4	128	0	120	0	72	0	80	0	0.0331150903265427
4	148	0	136	0	52	0	64	0	0.0198935524641775
4	28	0	20	0	4	0	12	0	1.86710916639287
4	92	0	80	0	44	0	56	0	0.240270263953515
4	120	0	100	0	60	0	80	0	0.699638218108331
4	80	0	72	0	56	0	64	0	1.12435444666219
4	28	0	24	0	8	0	12	0	0.297369739400084
4	54	0	52	0	46	0	48	0	1.42151987108257
4	64	0	62	0	46	0	48	0	0.0574238935271541
4	112	0	104	0	72	0	80	0	0.161988115365668
4	80	0	76	0	40	0	44	0	0.0168904293985926
4	52	0	50	0	46	0	48	0	6.92072974806553
4	62	0	60	0	46	0	48	0	0.0790162687876007
4	128	0	112	0	32	0	48	0	0.0407456995081413
4	84	0	72	0	48	0	60	0	0.809012472671708
4	152	0	140	0	56	0	68	0	0.0219431158616509
4	64	0	60	0	32	0	36	0	0.0489244833192045
4	144	0	124	0	24	0	44	0	0.0411150171819364
4	48	0	36	0	0	0	12	0	0.216613695771365
4	76	0	72	0	44	0	48	0	0.0317820523531418
4	52	0	48	0	32	0	36	0	0.217956573363335
4	60	0	52	0	20	0	28	0	0.15280355969263
4	60	0	56	0	36	0	40	0	0.123216484799048
4	112	0	100	0	4	0	16	0	0.0171038234741607
4	40	0	36	0	28	0	32	0	3.51562008782419
4	112	0	96	0	32	0	48	0	0.0807192966772722
4	84	0	80	0	44	0	48	0	0.0174858448029094
4	72	0	68	0	44	0	48	0	0.0710770207243963
4	48	0	44	0	32	0	36	0	0.495962931889437
4	56	0	48	0	24	0	32	0	0.303795876923229
4	80	0	60	0	20	0	40	0	0.567549635103958
4	44	0	36	0	20	0	28	0	1.4276513689862
4	120	0	104	0	8	0	24	0	0.0285793227513635
4	72	0	64	0	32	0	40	0	0.145849079092249
4	124	0	104	0	24	0	44	0	0.0741620120513638
4	152	0	148	0	132	0	136	0	0.322890342695529
4	140	0	136	0	128	0	132	0	1.79171831111386
4	136	0	124	0	28	0	40	0	0.0164190064787898
4	116	0	108	0	36	0	44	0	0.0107839029358766
4	116	0	104	0	20	0	32	0	0.0241040845034005
4	148	0	144	0	132	0	136	0	0.516114728417908
4	156	0	148	0	124	0	132	0	0.403539089865003
4	56	0	48	0	32	0	40	0	1.15497079842634
4	144	0	136	0	120	0	128	0	1.21343412422958
4	144	0	140	0	132	0	136	0	1.87627157299743
4	148	0	140	0	124	0	132	0	1.1487887255769
4	120	0	118	0	104	0	106	0	0.165536966374686
4	156	0	148	0	132	0	140	0	1.15360103477731
4	68	0	56	0	8	0	20	0	0.076979029796822
4	118	0	116	0	108	0	110	0	0.517883452634294
4	120	0	116	0	100	0	104	0	0.377607402041906
4	116	0	114	0	108	0	110	0	1.34067448244682
4	102	0	100	0	96	0	98	0	9.68285457639704
4	114	0	112	0	108	0	110	0	5.25338062233798
4	128	0	124	0	104	0	108	0	0.184093697149486
4	116	0	112	0	104	0	108	0	3.54910050943815
4	148	0	128	0	8	0	28	0	0.0270659255102375
4	124	0	120	0	104	0	108	0	0.374418106516823
4	128	0	108	0	8	0	28	0	0.0403085570493832
4	152	0	144	0	88	0	96	0	0.0193169441362657
4	132	0	112	0	72	0	92	0	0.516273755050357
4	124	0	112	0	64	0	76	0	0.0989199576150173
4	72	0	64	0	8	0	16	0	0.023869149819028
4	96	0	94	0	80	0	82	0	0.0621208882001863
4	60	0	58	0	54	0	56	0	7.67542692995309
4	94	0	92	0	80	0	82	0	0.110104062326962
4	92	0	90	0	80	0	82	0	0.18708178041875
4	136	0	124	0	76	0	88	0	0.0795367665815828
4	144	0	128	0	64	0	80	0	0.0665736068572887
4	80	0	78	0	66	0	68	0	0.151577704640299
4	90	0	88	0	80	0	82	0	0.432706980339398
4	90	0	88	0	70	0	72	0	0.0576831861192668
4	98	0	96	0	78	0	80	0	0.0378010264697691
4	78	0	76	0	70	0	72	0	1.31751385748971
4	88	0	86	0	80	0	82	0	1.1648650935913
4	88	0	86	0	70	0	72	0	0.0678892970449801
4	100	0	92	0	44	0	52	0	0.0349835270828518
4	96	0	94	0	78	0	80	0	0.0424579317334901
4	80	0	76	0	52	0	56	0	0.0750257217928724
4	76	0	74	0	70	0	72	0	7.20488982359218
4	86	0	84	0	80	0	82	0	6.79492133237383
4	86	0	84	0	70	0	72	0	0.103018049769153
4	128	0	112	0	64	0	80	0	0.173162833739433
4	94	0	92	0	78	0	80	0	0.0712560805962034
4	132	0	124	0	60	0	68	0	0.0179116879718342
4	136	0	116	0	36	0	56	0	0.0689516103839508
4	92	0	90	0	78	0	80	0	0.109135062335139
4	96	0	88	0	48	0	56	0	0.0786323463917845
4	104	0	92	0	8	0	20	0	0.0178987995804081
4	84	0	76	0	44	0	52	0	0.114429361249076
4	160	0	148	0	40	0	52	0	0.0113209627140448
4	90	0	88	0	78	0	80	0	0.202918483706519
4	100	0	84	0	52	0	68	0	0.813337187320958
4	144	0	132	0	36	0	48	0	0.0139297417411871
4	112	0	104	0	56	0	64	0	0.055188575060155
4	112	0	100	0	40	0	52	0	0.055403263090142
4	100	0	92	0	52	0	60	0	0.074841610425779
4	132	0	116	0	20	0	36	0	0.0318455700311041
4	44	0	32	0	8	0	20	0	0.70965021458062
4	104	0	84	0	44	0	64	0	0.637363723333635
4	96	0	88	0	56	0	64	0	0.162662662494844
4	80	0	68	0	32	0	44	0	0.210497288754369
4	46	0	44	0	40	0	42	0	5.99509666142478
4	60	0	48	0	24	0	36	0	0.799343111015893
4	58	0	56	0	42	0	44	0	0.0720306718871628
4	68	0	56	0	32	0	44	0	0.794099306467663
4	60	0	56	0	24	0	28	0	0.0342376120623744
4	56	0	54	0	42	0	44	0	0.128656683455524
4	160	0	140	0	20	0	40	0	0.0308877473788869
4	54	0	52	0	42	0	44	0	0.231902698693017
4	140	0	124	0	28	0	44	0	0.0271499065195364
4	68	0	64	0	28	0	32	0	0.0213763901994074
4	72	0	56	0	24	0	40	0	0.681875389328945
4	76	0	68	0	20	0	28	0	0.0464635917649563
4	76	0	72	0	36	0	40	0	0.018830733985385
4	56	0	52	0	28	0	32	0	0.0697007387364523
4	72	0	60	0	36	0	48	0	0.794043461581452
4	160	0	148	0	124	0	136	0	1.05321419128237
4	64	0	60	0	28	0	32	0	0.0312896272486544
4	72	0	68	0	36	0	40	0	0.037376719355572
4	160	0	156	0	124	0	128	0	0.034810533623158
4	76	0	60	0	28	0	44	0	0.638895533686326
4	68	0	60	0	20	0	28	0	0.0816782460793134
4	68	0	64	0	36	0	40	0	0.0480047702142024
4	156	0	152	0	128	0	132	0	0.0833722289137749
4	56	0	40	0	8	0	24	0	0.581650654201007
4	148	0	140	0	108	0	116	0	0.1104297263625
4	72	0	56	0	8	0	24	0	0.173634802517307
4	152	0	148	0	128	0	132	0	0.158347884996811
4	144	0	136	0	112	0	120	0	0.328264872309868
4	156	0	152	0	136	0	140	0	0.198006522107678
4	132	0	124	0	108	0	116	0	1.13055159687394
4	24	0	20	0	4	0	8	0	0.478643272446807
4	36	0	32	0	12	0	16	0	0.0914860850865357
4	148	0	140	0	116	0	124	0	0.370856468586119
4	100	0	98	0	88	0	90	0	0.186874922667905
4	80	0	68	0	8	0	20	0	0.0399034092981373
4	136	0	124	0	100	0	112	0	0.937273969042327
4	110	0	108	0	102	0	104	0	1.81375634118511
4	110	0	108	0	92	0	94	0	0.0469828353906131
4	98	0	96	0	92	0	94	0	6.91807147244509
4	108	0	106	0	102	0	104	0	9.12756620443006
4	108	0	106	0	92	0	94	0	0.0935846259609368
4	136	0	132	0	100	0	104	0	0.0427944358091407
4	112	0	108	0	88	0	92	0	0.11978854417663
4	100	0	96	0	84	0	88	0	0.498871673987298
4	106	0	104	0	92	0	94	0	0.161057954085435
4	56	0	52	0	16	0	20	0	0.0176586427357197
4	118	0	116	0	104	0	106	0	0.247763287479964
4	104	0	102	0	92	0	94	0	0.234298420735957
4	36	0	32	0	16	0	20	0	0.212119629461895
4	140	0	132	0	68	0	76	0	0.0161994992938625
4	132	0	128	0	100	0	104	0	0.0534183442015762
4	108	0	104	0	88	0	92	0	0.35679063619131
4	116	0	112	0	96	0	100	0	0.218535532875054
4	102	0	100	0	92	0	94	0	0.365952732917636
4	28	0	24	0	4	0	8	0	0.195141137855841
4	124	0	120	0	96	0	100	0	0.0706037141372124
4	104	0	100	0	88	0	92	0	0.601254293376484
4	144	0	132	0	60	0	72	0	0.0323257341857393
4	112	0	104	0	80	0	88	0	0.431483246348344
4	112	0	108	0	96	0	100	0	0.494654592512833
4	116	0	96	0	56	0	76	0	0.695983302789563
4	136	0	124	0	16	0	28	0	0.013358500999006
4	148	0	128	0	68	0	88	0	0.121901505216771
4	140	0	132	0	76	0	84	0	0.0201516788722874
4	108	0	104	0	96	0	100	0	3.12069476629954
4	80	0	78	0	60	0	62	0	0.0386358415208553
4	80	0	72	0	8	0	16	0	0.0129343712324849
4	78	0	76	0	64	0	66	0	0.115980668786362
4	156	0	144	0	72	0	84	0	0.0245909942508888
4	136	0	124	0	64	0	76	0	0.0481552913472796
4	120	0	104	0	40	0	56	0	0.0822298444281082
4	76	0	74	0	64	0	66	0	0.205573602069822
4	128	0	112	0	48	0	64	0	0.08107004678598
4	74	0	72	0	64	0	66	0	0.356101649248144
4	74	0	72	0	54	0	56	0	0.0367287495660419
4	84	0	82	0	64	0	66	0	0.0409171740694938
4	120	0	112	0	40	0	48	0	0.0108378679557852
4	88	0	84	0	60	0	64	0	0.090237914041604
4	72	0	70	0	64	0	66	0	1.53667558247107
4	72	0	70	0	54	0	56	0	0.0789952184822891
4	82	0	80	0	64	0	66	0	0.0550662883964361
4	88	0	72	0	8	0	24	0	0.0663932239269464
4	76	0	72	0	60	0	64	0	0.53581119071706
4	84	0	76	0	28	0	36	0	0.0349603334681984
4	100	0	84	0	36	0	52	0	0.170102775659099
4	70	0	68	0	64	0	66	0	8.70027291665049
4	70	0	68	0	54	0	56	0	0.112440771469796
4	84	0	80	0	60	0	64	0	0.139854266470905
4	112	0	96	0	48	0	64	0	0.22855212865026
4	116	0	108	0	44	0	52	0	0.014080510773167
4	140	0	120	0	40	0	60	0	0.0645812931792787
4	68	0	66	0	54	0	56	0	0.176360212730946
4	104	0	96	0	40	0	48	0	0.024046077971025
4	72	0	68	0	60	0	64	0	3.37526787821206
4	152	0	132	0	32	0	52	0	0.0382014022181063
4	132	0	124	0	52	0	60	0	0.0132572512230373
4	144	0	132	0	24	0	36	0	0.0123518022156905
4	84	0	68	0	36	0	52	0	0.619885098577233
4	20	0	16	0	8	0	12	0	2.04447177913217
4	116	0	100	0	52	0	68	0	0.244586121956523
4	84	0	76	0	36	0	44	0	0.0582321589045336
4	88	0	68	0	28	0	48	0	0.487113722667475
4	116	0	108	0	52	0	60	0	0.0247966169661937
4	100	0	88	0	28	0	40	0	0.0507422977497468
4	80	0	68	0	20	0	32	0	0.0975993548999872
4	88	0	76	0	28	0	40	0	0.0885928010018811
4	156	0	144	0	36	0	48	0	0.0113721982279133
4	152	0	136	0	24	0	40	0	0.0207833714140982
4	52	0	48	0	16	0	20	0	0.0222274577409219
4	32	0	28	0	16	0	20	0	0.540020278545739
4	92	0	80	0	32	0	44	0	0.0935809311485179
4	156	0	140	0	28	0	44	0	0.0205431073156217
4	112	0	100	0	16	0	28	0	0.0272560310060148
4	148	0	132	0	100	0	116	0	0.661932997014308
4	40	0	28	0	4	0	16	0	0.735716382933801
4	152	0	148	0	112	0	116	0	0.0229037573929493
4	72	0	60	0	0	0	12	0	0.0569294619998403
4	140	0	136	0	108	0	112	0	0.031818309402432
4	40	0	32	0	8	0	16	0	0.263793233478854
4	40	0	36	0	12	0	16	0	0.0573636478321895
4	148	0	144	0	112	0	116	0	0.0257689055751673
4	116	0	100	0	4	0	20	0	0.0280762621951252
4	136	0	132	0	112	0	116	0	0.141431508600366
4	120	0	112	0	88	0	96	0	0.296867947416857
4	132	0	116	0	4	0	20	0	0.0188541677877552
4	152	0	144	0	104	0	112	0	0.0659702538702175
4	140	0	132	0	100	0	108	0	0.169083300521175
4	132	0	120	0	84	0	96	0	0.190185247993877
4	56	0	48	0	8	0	16	0	0.0518819125595328
4	160	0	140	0	100	0	120	0	0.566370785315868
4	120	0	112	0	96	0	104	0	1.49768931716627
4	152	0	144	0	112	0	120	0	0.145545523009669
4	120	0	116	0	80	0	84	0	0.0230603172254959
4	92	0	90	0	86	0	88	0	6.4281298522878
4	92	0	90	0	76	0	78	0	0.074493718533803
4	102	0	100	0	86	0	88	0	0.0830875853958081
4	80	0	78	0	72	0	74	0	1.03655773880491
4	124	0	112	0	88	0	100	0	0.791983725486513
4	90	0	88	0	76	0	78	0	0.122486422285925
4	104	0	100	0	72	0	76	0	0.0577114446690362
4	88	0	86	0	76	0	78	0	0.182479624448813
4	116	0	112	0	84	0	88	0	0.0467081262601693
4	92	0	88	0	72	0	76	0	0.230485614330751
4	100	0	92	0	60	0	68	0	0.156552088259404
4	100	0	96	0	76	0	80	0	0.114524709588087
4	80	0	76	0	68	0	72	0	2.50704651404242
4	86	0	84	0	76	0	78	0	0.437952201672953
4	124	0	120	0	84	0	88	0	0.0218652829202071
4	152	0	136	0	72	0	88	0	0.057818390114341
4	140	0	128	0	44	0	56	0	0.0188595303127813
4	144	0	136	0	64	0	72	0	0.0129417069720416
4	84	0	82	0	76	0	78	0	1.31294716147681
4	112	0	108	0	84	0	88	0	0.072456394204197
4	48	0	44	0	16	0	20	0	0.0302885046303295
4	88	0	84	0	72	0	76	0	0.50259262408035
4	128	0	116	0	44	0	56	0	0.0310631395129918
4	96	0	88	0	64	0	72	0	0.435210405499209
4	48	0	40	0	0	0	8	0	0.063395842331545
4	28	0	24	0	16	0	20	0	3.00256873502257
4	84	0	76	0	60	0	68	0	1.27361304832195
4	132	0	112	0	52	0	72	0	0.164296623954841
4	156	0	144	0	60	0	72	0	0.0232788110386559
4	156	0	148	0	76	0	84	0	0.011543208243339
4	88	0	80	0	64	0	72	0	1.40161680504725
4	60	0	58	0	44	0	46	0	0.0733051839419966
4	100	0	88	0	4	0	16	0	0.019240560984933
4	96	0	88	0	72	0	80	0	1.04925101258271
4	58	0	56	0	48	0	50	0	0.513207397446905
4	68	0	66	0	48	0	50	0	0.0457520715682782
4	104	0	96	0	24	0	32	0	0.0151235138164251
4	136	0	120	0	40	0	56	0	0.0409957524517777
4	124	0	112	0	52	0	64	0	0.0542480688884451
4	60	0	56	0	40	0	44	0	0.209879166531191
4	56	0	54	0	48	0	50	0	1.60805245460683
4	66	0	64	0	48	0	50	0	0.0552485212709247
4	32	0	28	0	8	0	12	0	0.117843783704505
4	78	0	76	0	60	0	62	0	0.0546043053051336
4	54	0	52	0	48	0	50	0	7.47910668619167
4	64	0	62	0	48	0	50	0	0.0985906400896374
4	148	0	132	0	4	0	20	0	0.0131720758364296
4	140	0	124	0	44	0	60	0	0.0399994407357677
4	68	0	64	0	44	0	48	0	0.107311256582042
4	44	0	40	0	32	0	36	0	3.04712964394045
4	116	0	100	0	36	0	52	0	0.0830980856615533
4	62	0	60	0	48	0	50	0	0.145012647359978
4	56	0	52	0	44	0	48	0	2.65845006951809
4	108	0	100	0	28	0	36	0	0.0179126589723698
4	64	0	60	0	44	0	48	0	0.222404293598718
4	96	0	88	0	16	0	24	0	0.0137644415845914
4	104	0	96	0	32	0	40	0	0.0205681994073603
4	160	0	156	0	140	0	144	0	0.230195113746208
4	48	0	40	0	24	0	32	0	1.07420288709227
4	92	0	84	0	28	0	36	0	0.0276956457189754
4	56	0	48	0	16	0	24	0	0.130469210721344
4	156	0	152	0	144	0	148	0	1.92023085865424
4	104	0	84	0	24	0	44	0	0.156589753590582
4	24	0	20	0	0	0	4	0	0.253742507471552
4	108	0	100	0	36	0	44	0	0.0237733624135027
4	36	0	32	0	8	0	12	0	0.0673699634722418
4	112	0	100	0	28	0	40	0	0.0378429969147977
4	44	0	40	0	16	0	20	0	0.0573750424191629
4	100	0	98	0	94	0	96	0	8.34007693046105
4	40	0	36	0	16	0	20	0	0.116676200036546
4	120	0	118	0	106	0	108	0	0.20361503496155
4	108	0	88	0	8	0	28	0	0.0767217131872733
4	160	0	144	0	0	0	16	0	0.0123154918786968
4	88	0	68	0	8	0	28	0	0.146469010369294
4	118	0	116	0	110	0	112	0	1.38336361861616
4	140	0	132	0	84	0	92	0	0.0338567466031349
4	68	0	48	0	8	0	28	0	0.531917917557725
4	120	0	116	0	92	0	96	0	0.0682944320755467
4	116	0	114	0	110	0	112	0	5.6681697184731
4	136	0	128	0	88	0	96	0	0.0540077001535281
4	124	0	116	0	84	0	92	0	0.144888993929949
4	140	0	124	0	92	0	108	0	0.755112573668917
4	152	0	140	0	80	0	92	0	0.0411927022822951
4	152	0	144	0	96	0	104	0	0.0366710333260576
4	140	0	132	0	92	0	100	0	0.0508264758069947
4	144	0	124	0	84	0	104	0	0.507424457427513
4	84	0	68	0	4	0	20	0	0.0650685850129969
4	72	0	64	0	16	0	24	0	0.0444975844036246
4	136	0	128	0	96	0	104	0	0.141793387992501
4	76	0	64	0	4	0	16	0	0.0465235004721444
4	120	0	108	0	72	0	84	0	0.203467605914306
4	152	0	136	0	56	0	72	0	0.0432956344363188
4	64	0	56	0	8	0	16	0	0.0332295162627035
4	100	0	88	0	64	0	76	0	0.946331614560002
4	98	0	96	0	82	0	84	0	0.0746334171736193
4	108	0	96	0	72	0	84	0	0.93095575623037
4	84	0	82	0	70	0	72	0	0.143480515500686
4	20	0	16	0	4	0	8	0	0.790774292757695
4	100	0	96	0	64	0	68	0	0.0385097327809638
4	96	0	94	0	82	0	84	0	0.0923464861596514
4	82	0	80	0	70	0	72	0	0.232130408977848
4	94	0	92	0	82	0	84	0	0.186060374387544
4	108	0	104	0	68	0	72	0	0.0451682527516109
4	148	0	136	0	40	0	52	0	0.0122688813015528
4	112	0	96	0	64	0	80	0	0.802042485753343
4	88	0	86	0	78	0	80	0	0.381944131580253
4	116	0	108	0	60	0	68	0	0.0409689014823297
4	116	0	112	0	76	0	80	0	0.019015183516522
4	92	0	90	0	82	0	84	0	0.393622776055504
4	92	0	90	0	72	0	74	0	0.0345027208044485
4	102	0	100	0	82	0	84	0	0.0427350087492106
4	136	0	124	0	88	0	100	0	0.184489982758414
4	96	0	92	0	68	0	72	0	0.0939606136725457
4	112	0	100	0	76	0	88	0	1.07061946700799
4	86	0	84	0	78	0	80	0	1.34838839723123
4	104	0	100	0	68	0	72	0	0.0566468915172408
4	84	0	82	0	78	0	80	0	6.7164704416031
4	112	0	108	0	76	0	80	0	0.0271376652749663
4	88	0	80	0	48	0	56	0	0.147416780123098
4	116	0	96	0	36	0	56	0	0.164699136415078
4	148	0	128	0	48	0	68	0	0.0670040045451724
4	152	0	140	0	44	0	56	0	0.0147461460154442
4	116	0	100	0	68	0	84	0	0.824356019329809
4	84	0	76	0	52	0	60	0	0.328922238526887
4	108	0	104	0	76	0	80	0	0.0694427008232867
4	108	0	100	0	60	0	68	0	0.114470300051521
4	72	0	64	0	48	0	56	0	1.46519280351191
4	144	0	132	0	48	0	60	0	0.0208041077188452
4	120	0	108	0	36	0	48	0	0.0259599106767276
4	88	0	80	0	56	0	64	0	0.365023618746601
4	52	0	50	0	42	0	44	0	0.477879775101047
4	62	0	60	0	42	0	44	0	0.0358088247987655
4	96	0	84	0	48	0	60	0	0.261972520443118
4	108	0	96	0	36	0	48	0	0.0543490889810428
4	76	0	64	0	40	0	52	0	0.824776531471062
4	50	0	48	0	42	0	44	0	1.38467663331619
4	48	0	46	0	42	0	44	0	5.62841448788923
4	76	0	72	0	40	0	44	0	0.0221008479620647
4	124	0	108	0	28	0	44	0	0.0404724778902255
4	52	0	48	0	28	0	32	0	0.105951645231858
4	40	0	36	0	24	0	28	0	0.709062307724582
4	52	0	44	0	4	0	12	0	0.0550638494832685
4	40	0	36	0	8	0	12	0	0.0453867346754793
4	156	0	140	0	44	0	60	0	0.0274859737535738
4	140	0	120	0	20	0	40	0	0.0443195337634143
4	72	0	68	0	40	0	44	0	0.0464647243993175
4	48	0	44	0	28	0	32	0	0.183898158854056
4	56	0	52	0	36	0	40	0	0.250994509264775
4	64	0	60	0	36	0	40	0	0.0777576321278066
4	44	0	40	0	28	0	32	0	0.523090933072433
4	52	0	44	0	20	0	28	0	0.313133226731325
4	52	0	48	0	36	0	40	0	0.557544529260649
4	100	0	84	0	4	0	20	0	0.0389862121693932
4	140	0	136	0	124	0	128	0	0.543283758451838
4	124	0	112	0	4	0	16	0	0.0113657243042715
4	88	0	80	0	16	0	24	0	0.0185529325654958
4	148	0	144	0	128	0	132	0	0.219803489177046
4	48	0	44	0	36	0	40	0	2.43006546380319
4	48	0	40	0	16	0	24	0	0.306686175352238
4	64	0	56	0	16	0	24	0	0.0701856983345075
4	144	0	140	0	128	0	132	0	0.518846636772282
4	152	0	144	0	120	0	128	0	0.380656743624029
4	152	0	148	0	136	0	140	0	0.475149988575402
4	156	0	136	0	96	0	116	0	0.48321180615225
4	148	0	144	0	136	0	140	0	1.19102798311523
4	120	0	118	0	100	0	102	0	0.0577642828791041
4	144	0	128	0	16	0	32	0	0.0207345981954073
4	160	0	144	0	80	0	96	0	0.0605540387501897
4	116	0	114	0	104	0	106	0	0.418103465353451
4	114	0	112	0	104	0	106	0	0.78919810975046
4	114	0	112	0	94	0	96	0	0.0294824842318064
4	160	0	152	0	80	0	88	0	0.0113156755203014
4	128	0	124	0	100	0	104	0	0.0937684607938972
4	112	0	110	0	104	0	106	0	2.14820224273611
4	112	0	110	0	94	0	96	0	0.0407648311507155
4	116	0	112	0	100	0	104	0	0.765887436171213
4	124	0	116	0	68	0	76	0	0.0432625284119501
4	100	0	98	0	90	0	92	0	0.338511096451601
4	140	0	124	0	76	0	92	0	0.14549184634395
4	144	0	128	0	80	0	96	0	0.135759096253065
4	144	0	132	0	96	0	108	0	0.255953128164612
4	110	0	108	0	104	0	106	0	10.4157892436415
4	110	0	108	0	94	0	96	0	0.063277260050128
4	152	0	136	0	88	0	104	0	0.142327692523236
4	124	0	120	0	100	0	104	0	0.174360715848384
4	80	0	64	0	0	0	16	0	0.0735995762208392
4	156	0	148	0	84	0	92	0	0.0166196397002171
4	108	0	106	0	94	0	96	0	0.132434092920137
4	144	0	136	0	80	0	88	0	0.019313940961364
4	112	0	108	0	100	0	104	0	3.22861876670465
4	124	0	108	0	76	0	92	0	0.644395901063323
4	76	0	64	0	16	0	28	0	0.101356730984591
4	156	0	140	0	92	0	108	0	0.173762408399849
4	124	0	116	0	76	0	84	0	0.0663144503202654
4	32	0	28	0	4	0	8	0	0.0846806609496899
4	156	0	148	0	92	0	100	0	0.0201221787961036
4	128	0	108	0	68	0	88	0	0.5229711295876
4	140	0	128	0	68	0	80	0	0.0412493361781345
4	160	0	140	0	80	0	100	0	0.115095876450115
4	120	0	108	0	60	0	72	0	0.106365356294433
4	60	0	58	0	50	0	52	0	0.56474115373386
4	128	0	116	0	68	0	80	0	0.09207444821883
4	104	0	88	0	40	0	56	0	0.188231530902553
4	104	0	92	0	56	0	68	0	0.280139224583383
4	108	0	96	0	60	0	72	0	0.347809387803168
4	96	0	80	0	0	0	16	0	0.0425457917185553
4	80	0	78	0	62	0	64	0	0.0596982742773621
4	66	0	64	0	54	0	56	0	0.269000213716307
4	78	0	76	0	66	0	68	0	0.265847084498979
4	88	0	72	0	40	0	56	0	0.604372786704796
4	64	0	62	0	54	0	56	0	0.649189332263873
4	132	0	120	0	72	0	84	0	0.0770316143837762
4	92	0	88	0	52	0	56	0	0.0292891917178301
4	80	0	76	0	48	0	52	0	0.0419597576599696
4	80	0	72	0	16	0	24	0	0.0223249112675611
4	76	0	74	0	66	0	68	0	0.560562883221252
4	76	0	74	0	56	0	58	0	0.0397934224917535
4	86	0	84	0	66	0	68	0	0.0596779831111726
4	62	0	60	0	54	0	56	0	1.73750580794489
4	108	0	100	0	44	0	52	0	0.032562548220044
4	74	0	72	0	66	0	68	0	1.293731076516
4	74	0	72	0	56	0	58	0	0.0472440690141468
4	84	0	82	0	66	0	68	0	0.0763007367484671
4	88	0	84	0	52	0	56	0	0.0387651822274072
4	40	0	32	0	16	0	24	0	1.3735592045991
4	120	0	100	0	40	0	60	0	0.17563009138111
4	76	0	72	0	52	0	56	0	0.121900790209637
4	60	0	52	0	28	0	36	0	0.312062893888552
4	132	0	112	0	32	0	52	0	0.06440970859211
4	68	0	56	0	20	0	32	0	0.24032615183041
4	92	0	84	0	44	0	52	0	0.0686907391445851
4	160	0	144	0	16	0	32	0	0.016558229486472
4	140	0	128	0	32	0	44	0	0.0146702142584811
4	108	0	100	0	52	0	60	0	0.062777620308701
4	128	0	116	0	32	0	44	0	0.0222291895908516
4	72	0	60	0	24	0	36	0	0.243188319657728
4	160	0	152	0	128	0	136	0	0.374653681901766
4	100	0	80	0	40	0	60	0	0.573601060803518
4	60	0	52	0	36	0	44	0	1.15467173937053
4	92	0	84	0	52	0	60	0	0.164808555342666
4	60	0	56	0	20	0	24	0	0.0258076629272383
4	144	0	124	0	4	0	24	0	0.0269669545566154
4	124	0	104	0	4	0	24	0	0.042743330321599
4	132	0	120	0	36	0	48	0	0.019208934643865
4	64	0	52	0	28	0	40	0	0.846431789324191
4	104	0	84	0	4	0	24	0	0.0707504335155668
4	60	0	48	0	0	0	12	0	0.0913080110227509
4	56	0	52	0	24	0	28	0	0.0526202980314921
4	84	0	64	0	4	0	24	0	0.142534621823169
4	60	0	52	0	4	0	12	0	0.0389496842837573
4	160	0	152	0	136	0	144	0	1.10190792807364
4	64	0	60	0	24	0	28	0	0.0260886044773011
4	160	0	156	0	120	0	124	0	0.0238677394934037
4	52	0	40	0	16	0	28	0	0.820955661371969
4	88	0	76	0	16	0	28	0	0.050249423042865
4	120	0	118	0	112	0	114	0	1.56175025023354
4	24	0	20	0	12	0	16	0	2.91952718826686
4	144	0	140	0	112	0	116	0	0.0431601803462465
4	156	0	152	0	124	0	128	0	0.0578395340914625
4	144	0	128	0	0	0	16	0	0.01487683701544
4	132	0	128	0	112	0	116	0	0.226522132992142
4	140	0	136	0	116	0	120	0	0.133682969943992
4	120	0	116	0	108	0	112	0	2.65044767479754
4	152	0	148	0	124	0	128	0	0.102940627155831
4	128	0	124	0	112	0	116	0	0.583683134452059
4	52	0	36	0	4	0	20	0	0.536689668277532
4	136	0	128	0	104	0	112	0	0.346186383275275
4	124	0	116	0	100	0	108	0	1.89033819042178
4	76	0	68	0	4	0	12	0	0.0181003521502343
4	124	0	120	0	112	0	116	0	2.78791825258711
4	128	0	120	0	104	0	112	0	1.30871775873075
4	100	0	98	0	84	0	86	0	0.0758402548430168
4	136	0	128	0	112	0	120	0	1.40779700436283
4	98	0	96	0	88	0	90	0	0.431762643587168
4	108	0	106	0	88	0	90	0	0.0617034041415086
4	100	0	96	0	80	0	84	0	0.212267356066417
4	96	0	94	0	88	0	90	0	1.13113954638048
4	106	0	104	0	88	0	90	0	0.0992525708472097
4	82	0	80	0	76	0	78	0	6.23636001602227
4	118	0	116	0	100	0	102	0	0.0766681304735093
4	94	0	92	0	88	0	90	0	7.51427536858339
4	104	0	102	0	88	0	90	0	0.121923474351087
4	108	0	104	0	84	0	88	0	0.201727715840982
4	84	0	80	0	72	0	76	0	2.36649513372972
4	116	0	114	0	100	0	102	0	0.105295731520007
4	156	0	140	0	76	0	92	0	0.0633627599461418
4	102	0	100	0	88	0	90	0	0.133222442534277
4	96	0	92	0	84	0	88	0	2.2536641832751
4	148	0	140	0	68	0	76	0	0.01162534047892
4	104	0	100	0	84	0	88	0	0.293275814941172
4	144	0	136	0	72	0	80	0	0.0124627093378091
4	120	0	108	0	0	0	12	0	0.0114457887804851
4	132	0	124	0	68	0	76	0	0.0235417313514966
4	124	0	112	0	16	0	28	0	0.0172085236007213
4	112	0	92	0	52	0	72	0	0.728927660388961
4	144	0	124	0	64	0	84	0	0.127819401098893
4	104	0	92	0	44	0	56	0	0.09971641571644
4	148	0	140	0	76	0	84	0	0.0135342223031263
4	76	0	74	0	60	0	62	0	0.08206418408474
4	64	0	52	0	16	0	28	0	0.242046465551268
4	74	0	72	0	60	0	62	0	0.107250016451641
4	152	0	140	0	68	0	80	0	0.0270085128501379
4	72	0	70	0	60	0	62	0	0.27505479833305
4	148	0	132	0	36	0	52	0	0.0248969712667735
4	24	0	16	0	0	0	8	0	1.87081737445336
4	124	0	108	0	44	0	60	0	0.0739171540186125
4	116	0	104	0	56	0	68	0	0.123437473136548
4	60	0	58	0	46	0	48	0	0.130282721431429
4	70	0	68	0	60	0	62	0	0.556249980732824
4	70	0	68	0	50	0	52	0	0.0505341829725213
4	68	0	52	0	4	0	20	0	0.151431962164437
4	78	0	76	0	58	0	60	0	0.0408661667907572
4	58	0	56	0	50	0	52	0	1.44156646524306
4	68	0	66	0	60	0	62	0	1.70288639121198
4	68	0	66	0	50	0	52	0	0.0702415268696423
4	36	0	24	0	0	0	12	0	1.03091250594642
4	80	0	72	0	24	0	32	0	0.0343550933447012
4	76	0	74	0	58	0	60	0	0.058959459178585
4	36	0	28	0	4	0	12	0	0.322886399213623
4	56	0	54	0	50	0	52	0	7.47203665642623
4	66	0	64	0	60	0	62	0	7.51664044920132
4	66	0	64	0	50	0	52	0	0.0891878781008364
4	108	0	92	0	44	0	60	0	0.206784619530453
4	74	0	72	0	58	0	60	0	0.0729407528055639
4	112	0	104	0	40	0	48	0	0.0175910699175119
4	72	0	70	0	58	0	60	0	0.171068428048205
4	148	0	128	0	28	0	48	0	0.0372495998643578
4	76	0	68	0	28	0	36	0	0.0678263048162458
4	64	0	56	0	24	0	32	0	0.136038074941302
4	70	0	68	0	58	0	60	0	0.284224140031863
4	80	0	64	0	32	0	48	0	0.592123931078233
4	148	0	136	0	28	0	40	0	0.0113697936011073
4	92	0	80	0	20	0	32	0	0.0556525089406071
4	92	0	84	0	36	0	44	0	0.0415374499307444
4	80	0	72	0	32	0	40	0	0.058571186488698
4	160	0	156	0	132	0	136	0	0.0851387819235539
4	84	0	64	0	24	0	44	0	0.518321100875259
4	96	0	80	0	16	0	32	0	0.0792949171604516
4	76	0	68	0	36	0	44	0	0.126756611777441
4	112	0	96	0	16	0	32	0	0.0501547985234303
4	152	0	140	0	32	0	44	0	0.0122995431473914
4	28	0	24	0	0	0	4	0	0.118876556919573
4	132	0	120	0	12	0	24	0	0.0116014539116678
4	160	0	148	0	112	0	124	0	0.264762051449136
4	140	0	128	0	104	0	116	0	0.839393505703125
4	148	0	136	0	112	0	124	0	0.879808394279515
4	140	0	136	0	104	0	108	0	0.0332107651491389
4	100	0	88	0	16	0	28	0	0.0325522795472611
4	44	0	40	0	12	0	16	0	0.0311887919396326
4	148	0	144	0	108	0	112	0	0.0155352824286107
4	152	0	136	0	104	0	120	0	0.659688422317821
4	156	0	148	0	100	0	108	0	0.0496138556371796
4	156	0	152	0	116	0	120	0	0.0269449134006609
4	136	0	132	0	108	0	112	0	0.0723444811607177
4	152	0	140	0	116	0	128	0	0.992500145906958
4	144	0	140	0	108	0	112	0	0.0249788879311096
4	64	0	48	0	0	0	16	0	0.157331938792347
4	152	0	148	0	116	0	120	0	0.0442267680853625
4	128	0	120	0	88	0	96	0	0.114003472011513
4	156	0	136	0	76	0	96	0	0.110530223387707
4	64	0	52	0	4	0	16	0	0.0834263569920756
4	96	0	84	0	0	0	12	0	0.0230253811596526
4	156	0	140	0	108	0	124	0	0.71834991452617
4	124	0	116	0	92	0	100	0	0.313511740778094
4	148	0	140	0	100	0	108	0	0.0759065245416772
4	148	0	144	0	116	0	120	0	0.0517957628766109
4	16	0	12	0	4	0	8	0	2.88838333766588
4	136	0	132	0	116	0	120	0	0.355474100154737
4	112	0	104	0	88	0	96	0	1.30526182059739
4	160	0	148	0	76	0	88	0	0.0268697199808849
4	128	0	120	0	96	0	104	0	0.380461295072064
4	80	0	78	0	68	0	70	0	0.246015312558028
4	148	0	136	0	76	0	88	0	0.0362164783703651
4	116	0	104	0	80	0	92	0	1.05809852265703
4	90	0	88	0	82	0	84	0	1.34686952732975
4	90	0	88	0	72	0	74	0	0.0515125839979834
4	78	0	76	0	72	0	74	0	5.88978583871834
4	88	0	86	0	82	0	84	0	6.23778144481734
4	88	0	86	0	72	0	74	0	0.0636161105411152
4	116	0	112	0	80	0	84	0	0.0282401771531827
4	92	0	88	0	68	0	72	0	0.183238353390224
4	80	0	76	0	64	0	68	0	0.608383091463984
4	86	0	84	0	72	0	74	0	0.104541680948709
4	128	0	112	0	16	0	32	0	0.0300161793959194
4	98	0	96	0	84	0	86	0	0.125793745778305
4	84	0	82	0	72	0	74	0	0.171017043438126
4	112	0	108	0	80	0	84	0	0.0426207242652306
4	120	0	112	0	48	0	56	0	0.018541096682981
4	88	0	84	0	68	0	72	0	0.312270682799225
4	96	0	92	0	76	0	80	0	0.198575311188296
4	82	0	80	0	72	0	74	0	0.360862559586787
4	148	0	132	0	68	0	84	0	0.0628603678585188
4	104	0	100	0	76	0	80	0	0.0908849279894768
4	84	0	80	0	68	0	72	0	0.646932117095947
4	124	0	112	0	40	0	52	0	0.0278133847145552
4	92	0	84	0	60	0	68	0	0.415613258570661
4	92	0	88	0	76	0	80	0	0.510651835161537
4	96	0	76	0	36	0	56	0	0.532573255767994
4	160	0	140	0	0	0	20	0	0.0194918077511391
4	128	0	108	0	48	0	68	0	0.155505915686411
4	120	0	112	0	56	0	64	0	0.0278455206863404
4	88	0	84	0	76	0	80	0	2.35344010728689
4	60	0	58	0	40	0	42	0	0.0364305655879854
4	72	0	64	0	0	0	8	0	0.0224945158859657
4	58	0	56	0	44	0	46	0	0.109059271312887
4	136	0	124	0	52	0	64	0	0.0323287881303732
4	116	0	104	0	44	0	56	0	0.0547189381404677
4	100	0	84	0	20	0	36	0	0.0830455146610573
4	56	0	54	0	44	0	46	0	0.21760935560763
4	108	0	92	0	28	0	44	0	0.082787058656327
4	54	0	52	0	44	0	46	0	0.460310474660635
4	64	0	62	0	44	0	46	0	0.0365138151388159
4	100	0	92	0	20	0	28	0	0.0143951467322578
4	68	0	64	0	40	0	44	0	0.0641338983391274
4	52	0	50	0	44	0	46	0	1.29095083058635
4	62	0	60	0	44	0	46	0	0.047432029043777
4	56	0	52	0	40	0	44	0	0.567599190277911
4	50	0	48	0	44	0	46	0	6.45871085629038
4	64	0	60	0	40	0	44	0	0.114342998426612
4	92	0	76	0	28	0	44	0	0.164296930059303
4	96	0	88	0	24	0	32	0	0.0190180958615378
4	156	0	136	0	16	0	36	0	0.0283435836081917
4	120	0	100	0	20	0	40	0	0.0835075860935842
4	84	0	76	0	20	0	28	0	0.0273924383092735
4	52	0	48	0	40	0	44	0	2.56862289997293
4	44	0	36	0	4	0	12	0	0.130172237387524
4	76	0	68	0	12	0	20	0	0.019758270462614
4	136	0	116	0	16	0	36	0	0.0447597834525649
4	112	0	104	0	32	0	40	0	0.0157244511544142
4	116	0	96	0	16	0	36	0	0.0771338277072751
4	36	0	28	0	12	0	20	0	1.02433310389729
4	156	0	152	0	140	0	144	0	0.572780729568676
4	96	0	80	0	32	0	48	0	0.162842162955756
4	96	0	76	0	16	0	36	0	0.147141962746449
4	76	0	56	0	16	0	36	0	0.55375298730766
4	96	0	88	0	32	0	40	0	0.0274864624216961
4	152	0	148	0	140	0	144	0	2.70298973385131
4	156	0	140	0	12	0	28	0	0.0157841059399587
4	160	0	148	0	100	0	112	0	0.0969499367206261
4	148	0	136	0	100	0	112	0	0.204143901238569
4	64	0	48	0	16	0	32	0	0.642196929358014
4	120	0	118	0	102	0	104	0	0.100683296644351
4	106	0	104	0	94	0	96	0	0.254120288791445
4	118	0	116	0	106	0	108	0	0.342794236818941
4	128	0	112	0	80	0	96	0	0.611713895597089
4	104	0	102	0	94	0	96	0	0.49706948940743
4	132	0	128	0	92	0	96	0	0.0146147673137625
4	120	0	116	0	88	0	92	0	0.0536009056148402
4	116	0	114	0	106	0	108	0	0.680098688179078
4	116	0	114	0	96	0	98	0	0.042157693923284
4	32	0	24	0	0	0	8	0	0.457671753692738
4	102	0	100	0	94	0	96	0	1.37079469929298
4	148	0	140	0	84	0	92	0	0.0206388523143468
4	120	0	108	0	12	0	24	0	0.0138024355570848
4	114	0	112	0	106	0	108	0	1.65779623584176
4	114	0	112	0	96	0	98	0	0.0515243115752773
4	128	0	124	0	92	0	96	0	0.0234915459576401
4	116	0	112	0	92	0	96	0	0.100115694884476
4	100	0	92	0	68	0	76	0	0.334982663593247
4	132	0	124	0	84	0	92	0	0.0586082431449913
4	92	0	84	0	12	0	20	0	0.0112247070353705
4	148	0	140	0	92	0	100	0	0.0268503251647698
4	112	0	100	0	64	0	76	0	0.325907071536281
4	140	0	120	0	80	0	100	0	0.457544864038555
4	100	0	92	0	76	0	84	0	0.979952883658957
4	52	0	44	0	12	0	20	0	0.0859850892294573
4	36	0	32	0	4	0	8	0	0.0512345805716514
4	132	0	124	0	92	0	100	0	0.104209952756982
4	100	0	96	0	60	0	64	0	0.0259882359556847
4	72	0	70	0	66	0	68	0	9.07180834539018
4	72	0	70	0	56	0	58	0	0.105544634581692
4	82	0	80	0	66	0	68	0	0.107075286419429
4	148	0	132	0	52	0	68	0	0.0426607840208739
4	60	0	58	0	52	0	54	0	1.64903238090855
4	104	0	92	0	68	0	80	0	0.85637840967274
4	70	0	68	0	56	0	58	0	0.158624283769167
4	84	0	80	0	52	0	56	0	0.0523960079131227
4	68	0	66	0	56	0	58	0	0.278022983222371
4	96	0	92	0	64	0	68	0	0.0549690248867402
4	72	0	68	0	52	0	56	0	0.328689921843793
4	80	0	72	0	40	0	48	0	0.0949556302461638
4	80	0	76	0	56	0	60	0	0.121643389480956
4	88	0	76	0	4	0	16	0	0.0270257078462808
4	60	0	56	0	48	0	52	0	2.8330900918646
4	66	0	64	0	56	0	58	0	0.507251739391605
4	104	0	100	0	64	0	68	0	0.0356423867991989
4	132	0	116	0	52	0	68	0	0.0832390528522273
4	120	0	108	0	24	0	36	0	0.0200889044963194
4	64	0	62	0	56	0	58	0	1.61987046101842
4	92	0	88	0	64	0	68	0	0.101530521347847
4	68	0	64	0	52	0	56	0	0.71713751055057
4	108	0	96	0	24	0	36	0	0.038116048139266
4	76	0	68	0	44	0	52	0	0.318472734954278
4	64	0	56	0	40	0	48	0	1.08043403655156
4	112	0	92	0	32	0	52	0	0.152351126948356
4	80	0	64	0	16	0	32	0	0.17841999302512
4	144	0	124	0	44	0	64	0	0.0659334580078343
4	160	0	156	0	148	0	152	0	1.93585556236687
4	156	0	144	0	48	0	60	0	0.0161515948201686
4	136	0	124	0	40	0	52	0	0.0186761151691636
4	136	0	128	0	56	0	64	0	0.0139160675826045
4	68	0	60	0	44	0	52	0	1.27949403979746
4	76	0	68	0	52	0	60	0	1.39770154685767
4	80	0	72	0	0	0	8	0	0.0127357050989356
4	64	0	44	0	4	0	24	0	0.477216760151739
4	116	0	100	0	20	0	36	0	0.0523835522717723
4	52	0	48	0	24	0	28	0	0.0743569993117006
4	104	0	92	0	32	0	44	0	0.0500706306307544
4	40	0	36	0	20	0	24	0	0.321729649572001
4	58	0	56	0	40	0	42	0	0.0474701951100785
4	120	0	104	0	24	0	40	0	0.047982820571674
4	48	0	44	0	24	0	28	0	0.11394905269584
4	36	0	32	0	24	0	28	0	3.47776297701951
4	44	0	40	0	24	0	28	0	0.250952167373068
4	140	0	136	0	120	0	124	0	0.245799655086949
4	20	0	16	0	0	0	4	0	0.346291680219501
4	68	0	60	0	12	0	20	0	0.031713042059639
4	148	0	144	0	124	0	128	0	0.134448894059668
4	84	0	76	0	12	0	20	0	0.0126647058517506
4	136	0	132	0	124	0	128	0	2.33365832978774
4	28	0	24	0	12	0	16	0	0.553149107568154
4	144	0	140	0	124	0	128	0	0.275016647527965
4	44	0	36	0	12	0	20	0	0.26441698809696
4	48	0	32	0	0	0	16	0	0.574019163280788
4	152	0	132	0	92	0	112	0	0.525932205777839
4	144	0	132	0	84	0	96	0	0.0733045174996653
4	124	0	108	0	12	0	28	0	0.0276805731609298
4	80	0	78	0	74	0	76	0	6.55485088646974
4	114	0	112	0	100	0	102	0	0.142781012559057
4	112	0	110	0	100	0	102	0	0.243323963648777
4	156	0	144	0	96	0	108	0	0.0982069742787392
4	100	0	98	0	86	0	88	0	0.103164270202769
4	110	0	108	0	100	0	102	0	0.540371827855099
4	110	0	108	0	90	0	92	0	0.0375401670466239
4	118	0	116	0	98	0	100	0	0.0406490168013313
4	98	0	96	0	90	0	92	0	1.15256749617011
4	108	0	106	0	100	0	102	0	1.8017008672514
4	108	0	106	0	90	0	92	0	0.0731816440047104
4	120	0	112	0	64	0	72	0	0.0474883243171029
4	116	0	114	0	98	0	100	0	0.0540284014473376
4	40	0	32	0	0	0	8	0	0.153760257517525
4	100	0	96	0	72	0	76	0	0.0679727695965426
4	96	0	84	0	12	0	24	0	0.0300330659935174
4	96	0	94	0	90	0	92	0	5.51159357185947
4	106	0	104	0	100	0	102	0	10.4818553962665
4	106	0	104	0	90	0	92	0	0.120731620185916
4	148	0	132	0	84	0	100	0	0.133870887149518
4	114	0	112	0	98	0	100	0	0.0688520609817701
4	40	0	36	0	4	0	8	0	0.0361134994037205
4	152	0	144	0	80	0	88	0	0.0149820766990097
4	156	0	136	0	56	0	76	0	0.0650433194154942
4	112	0	110	0	98	0	100	0	0.104921423290343
4	116	0	108	0	68	0	76	0	0.0660945015415396
4	104	0	96	0	64	0	72	0	0.195814227651648
4	110	0	108	0	98	0	100	0	0.192816589769143
4	120	0	104	0	72	0	88	0	0.792697679375268
4	132	0	120	0	60	0	72	0	0.0540347341433295
4	132	0	124	0	76	0	84	0	0.0314783347241422
4	120	0	112	0	72	0	80	0	0.060980172036807
4	152	0	136	0	40	0	56	0	0.025097474218426
4	124	0	104	0	64	0	84	0	0.642624195821914
4	116	0	108	0	76	0	84	0	0.118589354909277
4	60	0	56	0	32	0	36	0	0.0713122348317223
4	100	0	88	0	52	0	64	0	0.270779914974295
4	56	0	48	0	0	0	8	0	0.0413989466508305
4	132	0	116	0	36	0	52	0	0.040905784612964
4	80	0	68	0	44	0	56	0	0.911586757972061
4	88	0	80	0	8	0	16	0	0.0113538929787011
4	152	0	132	0	12	0	32	0	0.0277715930703286
4	78	0	76	0	62	0	64	0	0.0884408786419308
4	88	0	76	0	52	0	64	0	0.897847362119474
4	64	0	62	0	50	0	52	0	0.167239934495591
4	80	0	76	0	44	0	48	0	0.0226370852104681
4	76	0	74	0	62	0	64	0	0.141135264399867
4	62	0	60	0	50	0	52	0	0.271555735480404
4	140	0	128	0	20	0	32	0	0.0127583679304339
4	60	0	52	0	12	0	20	0	0.0520690893871198
4	74	0	72	0	62	0	64	0	0.203747637455544
4	160	0	144	0	48	0	64	0	0.029488214191957
4	88	0	84	0	48	0	52	0	0.0236349487944224
4	92	0	76	0	44	0	60	0	0.678316355887494
4	128	0	116	0	20	0	32	0	0.0184528454903091
4	68	0	66	0	58	0	60	0	0.605132195434675
4	96	0	92	0	56	0	60	0	0.0234951016947582
4	96	0	88	0	40	0	48	0	0.0348485724498406
4	76	0	72	0	48	0	52	0	0.062558800289017
4	92	0	80	0	56	0	68	0	1.01234658741969
4	66	0	64	0	58	0	60	0	1.50421679525612
4	84	0	80	0	48	0	52	0	0.0309720860047747
4	64	0	62	0	58	0	60	0	8.04278210795544
4	92	0	88	0	56	0	60	0	0.0399348247010826
4	68	0	60	0	28	0	36	0	0.13541019195884
4	128	0	108	0	28	0	48	0	0.0625920529852892
4	96	0	80	0	48	0	64	0	0.755245680979278
4	64	0	56	0	32	0	40	0	0.322887662838245
4	132	0	120	0	24	0	36	0	0.016619023266993
4	140	0	124	0	12	0	28	0	0.0199271372935649
4	88	0	80	0	40	0	48	0	0.0576649576479012
4	88	0	84	0	56	0	60	0	0.0550359141370955
4	52	0	44	0	28	0	36	0	1.00649460206831
4	124	0	112	0	28	0	40	0	0.0217366434076874
4	68	0	60	0	36	0	44	0	0.306204017116348
4	76	0	64	0	28	0	40	0	0.229486998325155
4	56	0	44	0	20	0	32	0	0.765109290840462
4	56	0	52	0	20	0	24	0	0.0382710269273684
4	152	0	144	0	128	0	136	0	1.21796964001452
4	72	0	60	0	12	0	24	0	0.0958783232880694
4	108	0	96	0	12	0	24	0	0.0242275345513884
4	32	0	28	0	0	0	4	0	0.056533923222263
4	136	0	120	0	24	0	40	0	0.0309260949889324
4	52	0	48	0	20	0	24	0	0.0508577385680241
4	120	0	118	0	108	0	110	0	0.25093153134314
4	156	0	144	0	120	0	132	0	0.939116721088561
4	48	0	36	0	12	0	24	0	0.854055296888909
4	118	0	116	0	112	0	114	0	7.58348146310741
4	156	0	152	0	120	0	124	0	0.037561735710776
4	132	0	128	0	108	0	112	0	0.103776179153196
4	84	0	72	0	0	0	12	0	0.0287554089747795
4	120	0	116	0	104	0	108	0	0.962197806095532
4	84	0	76	0	4	0	12	0	0.0119859584887756
4	152	0	148	0	120	0	124	0	0.0637487756412169
4	160	0	152	0	88	0	96	0	0.0138411449723617
4	128	0	124	0	108	0	112	0	0.215654073823359
4	48	0	40	0	8	0	16	0	0.0915075971368272
4	144	0	140	0	116	0	120	0	0.0914434500264653
4	48	0	44	0	12	0	16	0	0.0179589748313497
4	124	0	120	0	108	0	112	0	0.533800669911064
4	132	0	124	0	100	0	108	0	0.429521393222808
4	132	0	128	0	116	0	120	0	0.683006920116376
4	136	0	116	0	76	0	96	0	0.497589508731827
4	160	0	152	0	96	0	104	0	0.0237555561207123
4	128	0	124	0	116	0	120	0	3.37336674721838
4	100	0	98	0	80	0	82	0	0.0352127607943598
4	156	0	144	0	84	0	96	0	0.0389837729973625
4	140	0	124	0	60	0	76	0	0.0722501113588945
4	96	0	94	0	84	0	86	0	0.176899305951675
4	94	0	92	0	84	0	86	0	0.457585797018285
4	94	0	92	0	74	0	76	0	0.039746328152493
4	104	0	102	0	84	0	86	0	0.0636251413841199
4	140	0	132	0	60	0	68	0	0.0131605964922339
4	108	0	104	0	80	0	84	0	0.112560211474873
4	92	0	90	0	84	0	86	0	1.40034920331969
4	92	0	90	0	74	0	76	0	0.0559310486066549
4	102	0	100	0	84	0	86	0	0.0644460146516399
4	96	0	92	0	80	0	84	0	0.453043152123916
4	104	0	96	0	48	0	56	0	0.0488537311953896
4	80	0	78	0	70	0	72	0	0.434468368971849
4	120	0	104	0	56	0	72	0	0.241386122869525
4	124	0	108	0	60	0	76	0	0.182531485074294
4	90	0	88	0	84	0	86	0	8.46184654378768
4	90	0	88	0	74	0	76	0	0.087024680019079
4	104	0	100	0	80	0	84	0	0.154713180286501
4	140	0	120	0	0	0	20	0	0.0261448549004463
4	132	0	116	0	68	0	84	0	0.165785230390156
4	136	0	128	0	64	0	72	0	0.0198537925505581
4	160	0	140	0	60	0	80	0	0.06468136082107
4	88	0	86	0	74	0	76	0	0.115023350710625
4	124	0	116	0	60	0	68	0	0.0304530611368493
4	92	0	88	0	80	0	84	0	2.36355921640331
4	120	0	100	0	0	0	20	0	0.0428999853463565
4	152	0	144	0	72	0	80	0	0.0102741685774204
4	100	0	80	0	0	0	20	0	0.064013734372697
4	104	0	88	0	56	0	72	0	0.884991547297675
4	116	0	104	0	8	0	20	0	0.0130205963846001
4	80	0	60	0	0	0	20	0	0.137429977732065
4	104	0	96	0	56	0	64	0	0.0888605173268455
4	136	0	120	0	72	0	88	0	0.15189126500197
4	24	0	20	0	8	0	12	0	0.894077361085303
4	60	0	40	0	0	0	20	0	0.425414441714812
4	84	0	72	0	12	0	24	0	0.04126150105513
4	108	0	88	0	48	0	68	0	0.706091750618979
4	136	0	128	0	72	0	80	0	0.0204402160868425
4	120	0	108	0	48	0	60	0	0.0493956049918814
4	100	0	88	0	40	0	52	0	0.0874834311995599
4	108	0	96	0	48	0	60	0	0.12516108210775
4	84	0	72	0	36	0	48	0	0.173878432243912
4	160	0	144	0	32	0	48	0	0.0196295772931358
4	84	0	68	0	20	0	36	0	0.179313250772523
4	88	0	76	0	40	0	52	0	0.196281051675433
4	60	0	58	0	42	0	44	0	0.0522825732598822
4	58	0	56	0	46	0	48	0	0.215818606578153
4	144	0	128	0	32	0	48	0	0.0257989792190899
4	68	0	52	0	20	0	36	0	0.683866828992715
4	112	0	100	0	52	0	64	0	0.134781036221759
4	72	0	68	0	32	0	36	0	0.025783011368128
4	60	0	56	0	28	0	32	0	0.0428446720284825
4	56	0	54	0	46	0	48	0	0.509152156732996
4	66	0	64	0	46	0	48	0	0.033638659253317
4	88	0	80	0	24	0	32	0	0.0265945600110214
4	68	0	64	0	32	0	36	0	0.0318809704399049
4	128	0	112	0	0	0	16	0	0.0203247760681621
4	100	0	80	0	20	0	40	0	0.157493389580871
4	56	0	52	0	32	0	36	0	0.12671724531615
4	72	0	64	0	24	0	32	0	0.0758275118677746
4	160	0	156	0	128	0	132	0	0.0481559331041484
4	88	0	80	0	32	0	40	0	0.0411272142444165
4	76	0	60	0	12	0	28	0	0.182898517490418
4	156	0	152	0	132	0	136	0	0.156515712084341
4	140	0	132	0	108	0	116	0	0.305326782712332
4	92	0	76	0	12	0	28	0	0.0760078531519826
4	160	0	152	0	120	0	128	0	0.155639206323897
4	160	0	156	0	136	0	140	0	0.0994438201521587
4	152	0	140	0	104	0	116	0	0.212202740545713
4	140	0	132	0	116	0	124	0	1.49289456608211
4	40	0	36	0	0	0	4	0	0.0276284447909475
4	140	0	136	0	100	0	104	0	0.02039566331723
4	92	0	80	0	8	0	20	0	0.0267102669078536
4	128	0	116	0	8	0	20	0	0.0108017314023756
4	112	0	110	0	106	0	108	0	6.77058788724724
4	112	0	110	0	96	0	98	0	0.0739021147424559
4	100	0	98	0	92	0	94	0	1.09072415484255
4	144	0	132	0	108	0	120	0	0.956197173617212
4	110	0	108	0	96	0	98	0	0.121675226002789
4	124	0	120	0	92	0	96	0	0.0384479035482722
4	60	0	48	0	12	0	24	0	0.20601739009599
4	108	0	106	0	96	0	98	0	0.274406427541518
4	136	0	132	0	104	0	108	0	0.0714154800366054
4	120	0	112	0	80	0	88	0	0.136369241369126
4	120	0	116	0	96	0	100	0	0.133985546728399
4	112	0	108	0	92	0	96	0	0.18356921996119
4	100	0	96	0	88	0	92	0	2.11421371429439
4	106	0	104	0	96	0	98	0	0.642787400207622
4	144	0	140	0	104	0	108	0	0.0274028542007578
4	160	0	148	0	64	0	76	0	0.021924432617212
4	104	0	102	0	96	0	98	0	1.99271136921588
4	132	0	128	0	104	0	108	0	0.0970361877309909
4	108	0	104	0	92	0	96	0	0.643664485503047
4	148	0	136	0	64	0	76	0	0.0264175926858922
4	116	0	108	0	84	0	92	0	0.313175534887844
4	104	0	96	0	80	0	88	0	1.16106824822229
4	152	0	132	0	72	0	92	0	0.120857711496557
4	104	0	100	0	92	0	96	0	2.47409104474435
4	108	0	100	0	84	0	92	0	1.45538165766715
4	80	0	78	0	64	0	66	0	0.0735330559493844
4	108	0	96	0	0	0	12	0	0.0194907833949372
4	116	0	108	0	92	0	100	0	0.998225787487073
4	78	0	76	0	68	0	70	0	0.506802428245665
4	88	0	86	0	68	0	70	0	0.0564536415347773
4	156	0	140	0	60	0	76	0	0.0428530843443928
4	124	0	116	0	44	0	52	0	0.0127710276219302
4	144	0	132	0	72	0	84	0	0.0384349660330575
4	80	0	76	0	60	0	64	0	0.242549931786337
4	76	0	74	0	68	0	70	0	1.43220131569277
4	86	0	84	0	68	0	70	0	0.0830686734682555
4	62	0	60	0	56	0	58	0	7.26892707566472
4	98	0	96	0	80	0	82	0	0.0531361824249882
4	74	0	72	0	68	0	70	0	5.44805420972243
4	84	0	82	0	68	0	70	0	0.109319060421376
4	160	0	144	0	64	0	80	0	0.0399080980882876
4	108	0	92	0	12	0	28	0	0.0483000153048411
4	88	0	84	0	64	0	68	0	0.160148823486958
4	64	0	60	0	52	0	56	0	3.32042028763822
4	136	0	120	0	56	0	72	0	0.0835019633706385
4	82	0	80	0	68	0	70	0	0.160211263982225
4	76	0	72	0	64	0	68	0	2.4209395560391
4	128	0	120	0	48	0	56	0	0.0137026135227506
4	156	0	136	0	36	0	56	0	0.0380056825278599
4	84	0	80	0	64	0	68	0	0.280924006669076
4	124	0	116	0	52	0	60	0	0.0206418039221777
4	112	0	104	0	48	0	56	0	0.0332914926237761
4	92	0	72	0	32	0	52	0	0.472342005804629
4	124	0	104	0	44	0	64	0	0.173522592763185
4	84	0	72	0	24	0	36	0	0.0825035264726073
4	128	0	120	0	56	0	64	0	0.0191517523686253
4	44	0	40	0	8	0	12	0	0.0259183567909628
4	148	0	132	0	20	0	36	0	0.021140401021977
4	56	0	54	0	40	0	42	0	0.0783047970939963
4	54	0	52	0	40	0	42	0	0.126210440848968
4	132	0	120	0	48	0	60	0	0.0309173164781484
4	52	0	50	0	40	0	42	0	0.21343464787116
4	96	0	84	0	36	0	48	0	0.0877541325993467
4	104	0	88	0	24	0	40	0	0.0841700031621634
4	50	0	48	0	40	0	42	0	0.466828847933854
4	48	0	46	0	40	0	42	0	1.2355157953342
4	16	0	12	0	0	0	4	0	0.874603466987674
4	120	0	118	0	114	0	116	0	9.31283147548254
4	88	0	72	0	24	0	40	0	0.162104585457946
4	48	0	44	0	8	0	12	0	0.0156127082723001
4	92	0	84	0	20	0	28	0	0.022976139125223
4	160	0	152	0	104	0	112	0	0.037801309052522
4	140	0	136	0	112	0	116	0	0.0583313880287144
4	136	0	120	0	8	0	24	0	0.0199808277654746
4	152	0	136	0	8	0	24	0	0.0142004415903995
4	156	0	148	0	108	0	116	0	0.0623964008852978
4	32	0	24	0	8	0	16	0	1.1488420123555
4	144	0	136	0	104	0	112	0	0.119113784961375
4	160	0	144	0	112	0	128	0	0.753185022174366
4	32	0	28	0	12	0	16	0	0.178475093567685
4	160	0	152	0	112	0	120	0	0.0701417839113828
4	156	0	148	0	116	0	124	0	0.173625508925401
4	140	0	128	0	92	0	104	0	0.208670054750371
4	120	0	108	0	84	0	96	0	0.75829174554547
4	118	0	116	0	102	0	104	0	0.14021209874239
4	128	0	116	0	92	0	104	0	1.02499912540924
4	104	0	102	0	90	0	92	0	0.154708667287943
4	120	0	116	0	84	0	88	0	0.0361063259733359
4	116	0	114	0	102	0	104	0	0.205007229076485
4	102	0	100	0	90	0	92	0	0.187867130979906
4	114	0	112	0	102	0	104	0	0.310230331848589
4	128	0	124	0	88	0	92	0	0.0199279480845123
4	132	0	116	0	84	0	100	0	0.622322046635894
4	108	0	106	0	98	0	100	0	0.501206674660846
4	136	0	128	0	80	0	88	0	0.0346242098120764
4	136	0	132	0	96	0	100	0	0.0199426903752311
4	112	0	110	0	102	0	104	0	0.625514900874301
4	112	0	110	0	92	0	94	0	0.031495250093472
4	156	0	144	0	108	0	120	0	0.228383977609525
4	116	0	112	0	88	0	92	0	0.0725307172212202
4	132	0	120	0	96	0	108	0	1.11540264050993
4	106	0	104	0	98	0	100	0	1.69952994011955
4	124	0	120	0	88	0	92	0	0.0312400138114559
4	104	0	102	0	98	0	100	0	10.3290818763938
4	132	0	128	0	96	0	100	0	0.024181354022438
4	108	0	100	0	68	0	76	0	0.20744417144356
4	136	0	116	0	56	0	76	0	0.156379063731565
4	104	0	96	0	72	0	80	0	0.332714608775041
4	136	0	120	0	88	0	104	0	0.691099814169399
4	128	0	120	0	80	0	88	0	0.0627865524761558
4	128	0	124	0	96	0	100	0	0.0408446073638551
4	132	0	112	0	12	0	32	0	0.0410645029593873
4	92	0	84	0	68	0	76	0	1.22978428553667
4	12	0	8	0	0	0	4	0	2.71858880661244
4	112	0	92	0	12	0	32	0	0.0733695373854412
4	140	0	128	0	56	0	68	0	0.029969862351208
4	108	0	100	0	76	0	84	0	0.430342351688656
4	92	0	72	0	12	0	32	0	0.137908994093886
4	72	0	70	0	62	0	64	0	0.630660522973183
4	72	0	70	0	52	0	54	0	0.0571601038087634
4	82	0	80	0	62	0	64	0	0.0467184222278351
4	116	0	104	0	68	0	80	0	0.275370245319648
4	60	0	58	0	48	0	50	0	0.262438905474155
4	128	0	116	0	56	0	68	0	0.0557049573830636
4	96	0	84	0	60	0	72	0	1.09804030764992
4	72	0	52	0	12	0	32	0	0.549588495684128
4	70	0	68	0	62	0	64	0	1.90749071467041
4	70	0	68	0	52	0	54	0	0.0780497330424224
4	58	0	56	0	52	0	54	0	7.29808777316713
4	68	0	66	0	62	0	64	0	10.1132132331495
4	68	0	66	0	52	0	54	0	0.11426652327646
4	96	0	92	0	60	0	64	0	0.0354095877881437
4	144	0	128	0	48	0	64	0	0.0424359199703044
4	72	0	68	0	48	0	52	0	0.15186001542911
4	60	0	56	0	44	0	48	0	0.530546917609479
4	66	0	64	0	52	0	54	0	0.155585844300573
4	160	0	140	0	40	0	60	0	0.0393711178274825
4	64	0	62	0	52	0	54	0	0.318088730702803
4	100	0	92	0	28	0	36	0	0.0162872321847489
4	92	0	88	0	60	0	64	0	0.0622796006811535
4	68	0	64	0	48	0	52	0	0.262368216287131
4	76	0	72	0	56	0	60	0	0.220311106084219
4	62	0	60	0	52	0	54	0	0.613754160644449
4	84	0	80	0	56	0	60	0	0.0784245924663393
4	64	0	60	0	48	0	52	0	0.684161996149729
4	104	0	92	0	20	0	32	0	0.03436893238657
4	112	0	96	0	0	0	16	0	0.0307681503921448
4	72	0	64	0	40	0	48	0	0.291206599583725
4	72	0	68	0	56	0	60	0	0.722110160043428
4	160	0	156	0	144	0	148	0	0.415734274174709
4	60	0	44	0	12	0	28	0	0.605055396193209
4	108	0	88	0	28	0	48	0	0.154111584329088
4	100	0	92	0	36	0	44	0	0.0230756361649449
4	68	0	64	0	56	0	60	0	2.89898235111631
4	116	0	104	0	32	0	44	0	0.0320119246299219
4	96	0	84	0	24	0	36	0	0.0529101365971346
4	48	0	44	0	20	0	24	0	0.072620837133231
4	36	0	32	0	20	0	24	0	0.72120265478606
4	44	0	40	0	20	0	24	0	0.14529138592914
4	32	0	28	0	20	0	24	0	3.35538857754687
4	68	0	60	0	4	0	12	0	0.0272375539948305
4	36	0	32	0	0	0	4	0	0.0361641770521113
4	148	0	144	0	120	0	124	0	0.0787097567007563
4	136	0	132	0	120	0	124	0	0.756834019552289
4	144	0	136	0	88	0	96	0	0.0268295276809386
4	120	0	118	0	110	0	112	0	0.493374808871019
4	160	0	144	0	96	0	112	0	0.165375737251469
4	144	0	140	0	120	0	124	0	0.147757961908356
4	132	0	128	0	120	0	124	0	2.36435778190045
4	144	0	128	0	96	0	112	0	0.666582129894623
4	52	0	40	0	4	0	16	0	0.167536329545385
4	144	0	136	0	96	0	104	0	0.058569620813076
4	52	0	48	0	12	0	16	0	0.0143954432240249
4	148	0	128	0	88	0	108	0	0.559814160509227
4	160	0	148	0	88	0	100	0	0.03946928226651
4	140	0	128	0	80	0	92	0	0.076802988647105
4	148	0	136	0	88	0	100	0	0.0629970864723833
4	124	0	112	0	76	0	88	0	0.221282104541283
4	128	0	116	0	80	0	92	0	0.230047341213616
4	104	0	88	0	8	0	24	0	0.0430288817054498
Topography in separate list
2
8
0 2660
12 2657
22 2656
35 2657
50 2658
68 2659
87 2660
104 2661
120 2662
133 2663
160 2664
1
0
0
0
0
0
0
0
0
