Gradient_1
1.625
11
15
Type of measurement (0=app.resistivity,1=resistance)
1
504
2
0
4	9.75	0	42.25	0	13	0	16.25	0	1.56370902321049
4	29.25	0	94.25	0	68.25	0	74.75	0	0.140299039960519
4	97.5	0	130	0	113.75	0	117	0	0.377769111819688
4	32.5	0	97.5	0	58.5	0	65	0	0.113643723444048
4	58.5	0	91	0	71.5	0	74.75	0	0.270708683128875
4	55.25	0	120.25	0	94.25	0	100.75	0	0.15186820701777
4	45.5	0	78	0	61.75	0	65	0	0.292178506650704
4	97.5	0	130	0	107.25	0	110.5	0	0.299463933732691
4	48.75	0	81.25	0	71.5	0	74.75	0	0.411467716157567
4	32.5	0	130	0	42.25	0	52	0	0.504454029187174
4	35.75	0	68.25	0	61.75	0	65	0	1.20118227955558
4	9.75	0	74.75	0	55.25	0	61.75	0	0.320064549702707
4	26	0	123.5	0	94.25	0	104	0	0.176942055246531
4	97.5	0	130	0	117	0	120.25	0	0.420865081040061
4	61.75	0	94.25	0	65	0	68.25	0	1.52365610335594
4	48.75	0	113.75	0	55.25	0	61.75	0	0.8568673091655
4	16.25	0	113.75	0	94.25	0	104	0	0.525004071286806
4	52	0	84.5	0	65	0	68.25	0	0.331000372958258
4	22.75	0	87.75	0	55.25	0	61.75	0	0.121594474555095
4	29.25	0	126.75	0	87.75	0	97.5	0	0.0834232269426145
4	52	0	84.5	0	58.5	0	61.75	0	0.595090797341637
4	9.75	0	107.25	0	48.75	0	58.5	0	0.042875966571786
4	3.25	0	68.25	0	48.75	0	55.25	0	0.32746738347207
4	19.5	0	117	0	87.75	0	97.5	0	0.166528679459015
4	58.5	0	123.5	0	91	0	97.5	0	0.110524777912655
4	13	0	110.5	0	32.5	0	42.25	0	0.135275182117946
4	0	0	97.5	0	48.75	0	58.5	0	0.047852326642734
4	87.75	0	120.25	0	94.25	0	97.5	0	0.442891491854953
4	3.25	0	100.75	0	32.5	0	42.25	0	0.0418136948134735
4	78	0	110.5	0	87.75	0	91	0	0.299748951608498
4	6.5	0	71.5	0	13	0	19.5	0	0.581978413028612
4	29.25	0	61.75	0	52	0	55.25	0	0.603011233313497
4	26	0	91	0	52	0	58.5	0	0.10786858480966
4	55.25	0	87.75	0	78	0	81.25	0	0.436504036423452
4	78	0	110.5	0	97.5	0	100.75	0	0.309408359541169
4	29.25	0	94.25	0	35.75	0	42.25	0	0.858852595917233
4	52	0	117	0	78	0	84.5	0	0.115164059681338
4	26	0	123.5	0	35.75	0	45.5	0	0.492622162934077
4	78	0	110.5	0	91	0	94.25	0	0.235916357864764
4	26	0	91	0	78	0	84.5	0	0.550891937946867
4	13	0	110.5	0	61.75	0	71.5	0	0.0496938580485997
4	16.25	0	113.75	0	35.75	0	45.5	0	0.166786644082871
4	68.25	0	100.75	0	91	0	94.25	0	0.424435162051436
4	3.25	0	100.75	0	61.75	0	71.5	0	0.0696752538448965
4	71.5	0	104	0	74.75	0	78	0	1.19696848815491
4	22.75	0	55.25	0	39	0	42.25	0	0.316210464795508
4	9.75	0	74.75	0	22.75	0	29.25	0	0.128634037731885
4	42.25	0	107.25	0	81.25	0	87.75	0	0.134731862489186
4	13	0	45.5	0	32.5	0	35.75	0	0.409665334484815
4	19.5	0	84.5	0	39	0	45.5	0	0.150743817397372
4	71.5	0	104	0	84.5	0	87.75	0	0.221086940736126
4	22.75	0	55.25	0	48.75	0	52	0	1.33725489958931
4	6.5	0	104	0	55.25	0	65	0	0.0521170556014555
4	94.25	0	126.75	0	120.25	0	123.5	0	1.02537921762553
4	13	0	45.5	0	26	0	29.25	0	0.199421184666517
4	97.5	0	130	0	110.5	0	113.75	0	0.275833156152264
4	0	0	65	0	32.5	0	39	0	0.119961259265767
4	3.25	0	35.75	0	26	0	29.25	0	0.61512585290136
4	3.25	0	68.25	0	16.25	0	22.75	0	0.0971803750580756
4	32.5	0	97.5	0	84.5	0	91	0	0.635575038096339
4	0	0	32.5	0	13	0	16.25	0	0.210698584347968
4	35.75	0	100.75	0	68.25	0	74.75	0	0.109399823773482
4	16.25	0	48.75	0	26	0	29.25	0	0.327823679785858
4	26	0	58.5	0	35.75	0	39	0	0.358607363195726
4	29.25	0	126.75	0	58.5	0	68.25	0	0.0829384838923608
4	13	0	78	0	19.5	0	26	0	0.528110560418652
4	6.5	0	39	0	19.5	0	22.75	0	0.160297830927546
4	65	0	97.5	0	71.5	0	74.75	0	0.500360613524064
4	19.5	0	117	0	58.5	0	68.25	0	0.0569146718111992
4	16.25	0	48.75	0	35.75	0	39	0	0.412415117035112
4	87.75	0	120.25	0	107.25	0	110.5	0	0.340549765478704
4	52	0	84.5	0	61.75	0	65	0	0.403655860946375
4	22.75	0	120.25	0	42.25	0	52	0	0.156013586133705
4	13	0	78	0	45.5	0	52	0	0.105794274422889
4	65	0	97.5	0	81.25	0	84.5	0	0.207500118215383
4	42.25	0	74.75	0	65	0	68.25	0	0.511969832582132
4	26	0	91	0	45.5	0	52	0	0.129915830597255
4	39	0	104	0	65	0	71.5	0	0.129365385640873
4	19.5	0	52	0	22.75	0	26	0	1.2256257063838
4	9.75	0	42.25	0	16.25	0	19.5	0	0.404053026498063
4	61.75	0	126.75	0	100.75	0	107.25	0	0.169214057104154
4	42.25	0	74.75	0	58.5	0	61.75	0	0.307612015282787
4	65	0	130	0	91	0	97.5	0	0.121792689576557
4	0	0	32.5	0	16.25	0	19.5	0	0.206378329381141
4	32.5	0	65	0	58.5	0	61.75	0	1.42516939742585
4	91	0	123.5	0	104	0	107.25	0	0.235397531219576
4	39	0	104	0	91	0	97.5	0	0.596630768801766
4	42.25	0	74.75	0	68.25	0	71.5	0	0.955989020650738
4	78	0	110.5	0	94.25	0	97.5	0	0.241186049527238
4	81.25	0	113.75	0	104	0	107.25	0	0.509013930132945
4	45.5	0	78	0	52	0	55.25	0	0.627598346153574
4	68.25	0	100.75	0	94.25	0	97.5	0	1.01827734857206
4	22.75	0	120.25	0	100.75	0	110.5	0	0.543588411238154
4	0	0	65	0	13	0	19.5	0	0.0914728072756434
4	35.75	0	68.25	0	52	0	55.25	0	0.290403794380329
4	94.25	0	126.75	0	97.5	0	100.75	0	1.08774198006497
4	26	0	123.5	0	84.5	0	94.25	0	0.0782307746604096
4	29.25	0	94.25	0	42.25	0	48.75	0	0.251951451890572
4	32.5	0	97.5	0	52	0	58.5	0	0.14083622766628
4	84.5	0	117	0	97.5	0	100.75	0	0.243615730904346
4	16.25	0	113.75	0	84.5	0	94.25	0	0.170544253768781
4	6.5	0	104	0	26	0	35.75	0	0.0755393831722724
4	0	0	65	0	26	0	32.5	0	0.0436208591802404
4	55.25	0	120.25	0	87.75	0	94.25	0	0.109813002579999
4	0	0	32.5	0	9.75	0	13	0	0.160469327211023
4	84.5	0	117	0	91	0	94.25	0	0.408567085102861
4	13	0	45.5	0	29.25	0	32.5	0	0.207275089178854
4	32.5	0	97.5	0	78	0	84.5	0	0.227220927269162
4	35.75	0	68.25	0	55.25	0	58.5	0	0.382367505683678
4	3.25	0	35.75	0	6.5	0	9.75	0	1.25643295221508
4	22.75	0	55.25	0	45.5	0	48.75	0	0.619269881285143
4	3.25	0	35.75	0	29.25	0	32.5	0	1.83577443890168
4	26	0	58.5	0	29.25	0	32.5	0	1.12451740089684
4	32.5	0	130	0	61.75	0	71.5	0	0.0864790604015935
4	48.75	0	113.75	0	81.25	0	87.75	0	0.10816452903127
4	39	0	71.5	0	48.75	0	52	0	0.368168364288646
4	22.75	0	87.75	0	29.25	0	35.75	0	0.770596623694226
4	16.25	0	48.75	0	29.25	0	32.5	0	0.224193754375217
4	61.75	0	94.25	0	84.5	0	87.75	0	0.446659332748391
4	32.5	0	130	0	71.5	0	81.25	0	0.0560940157761276
4	58.5	0	123.5	0	84.5	0	91	0	0.11708008494857
4	87.75	0	120.25	0	110.5	0	113.75	0	0.561484794388019
4	61.75	0	126.75	0	68.25	0	74.75	0	0.891661721264294
4	29.25	0	126.75	0	107.25	0	117	0	0.699185531026254
4	35.75	0	100.75	0	74.75	0	81.25	0	0.153390406615526
4	9.75	0	107.25	0	68.25	0	78	0	0.0886687793799346
4	58.5	0	123.5	0	110.5	0	117	0	0.901518927595617
4	39	0	104	0	58.5	0	65	0	0.178815804193939
4	13	0	110.5	0	52	0	61.75	0	0.0487459772145625
4	0	0	97.5	0	68.25	0	78	0	0.173265377025571
4	32.5	0	65	0	35.75	0	39	0	1.85667775444044
4	3.25	0	100.75	0	52	0	61.75	0	0.0497584606082266
4	55.25	0	87.75	0	71.5	0	74.75	0	0.262319860252331
4	42.25	0	74.75	0	61.75	0	65	0	0.354699209382089
4	52	0	117	0	71.5	0	78	0	0.183997103680952
4	55.25	0	87.75	0	81.25	0	84.5	0	0.874013891592173
4	26	0	91	0	71.5	0	78	0	0.277652755742096
4	58.5	0	91	0	65	0	68.25	0	0.686075007106485
4	29.25	0	94.25	0	55.25	0	61.75	0	0.111514161123949
4	32.5	0	97.5	0	45.5	0	52	0	0.244946324466898
4	48.75	0	81.25	0	58.5	0	61.75	0	0.385352096812872
4	0	0	32.5	0	3.25	0	6.5	0	1.29334761235412
4	19.5	0	84.5	0	65	0	71.5	0	0.214905327341074
4	58.5	0	91	0	68.25	0	71.5	0	0.408381643086044
4	97.5	0	130	0	104	0	107.25	0	0.440356229913666
4	29.25	0	126.75	0	48.75	0	58.5	0	0.14883728269979
4	48.75	0	81.25	0	68.25	0	71.5	0	0.257394036944987
4	84.5	0	117	0	94.25	0	97.5	0	0.281831268872735
4	19.5	0	117	0	48.75	0	58.5	0	0.0770644886903784
4	6.5	0	104	0	74.75	0	84.5	0	0.166312780636136
4	0	0	65	0	52	0	58.5	0	0.90321891965516
4	35.75	0	100.75	0	42.25	0	48.75	0	1.03370076225735
4	74.75	0	107.25	0	97.5	0	100.75	0	0.465582889434168
4	58.5	0	123.5	0	78	0	84.5	0	0.161820052916899
4	52	0	84.5	0	55.25	0	58.5	0	1.33428231585648
4	35.75	0	100.75	0	87.75	0	94.25	0	0.594053792543143
4	39	0	71.5	0	45.5	0	48.75	0	0.72541921082754
4	74.75	0	107.25	0	91	0	94.25	0	0.227161385512787
4	13	0	78	0	39	0	45.5	0	0.0978229366008663
4	45.5	0	110.5	0	97.5	0	104	0	0.678947678710519
4	29.25	0	126.75	0	78	0	87.75	0	0.0529585371753341
4	65	0	97.5	0	91	0	94.25	0	1.0381665419046
4	19.5	0	117	0	78	0	87.75	0	0.0827601775714737
4	74.75	0	107.25	0	100.75	0	104	0	1.08802080547676
4	22.75	0	120.25	0	61.75	0	71.5	0	0.0551458505822588
4	26	0	91	0	39	0	45.5	0	0.251929451291515
4	78	0	110.5	0	84.5	0	87.75	0	0.418460489657499
4	29.25	0	61.75	0	48.75	0	52	0	0.379405774263375
4	68.25	0	100.75	0	84.5	0	87.75	0	0.230620993837368
4	6.5	0	71.5	0	32.5	0	39	0	0.0835927573507812
4	22.75	0	120.25	0	71.5	0	81.25	0	0.0606502149632375
4	61.75	0	126.75	0	74.75	0	81.25	0	0.356760278889089
4	29.25	0	61.75	0	42.25	0	45.5	0	0.300897207819594
4	65	0	130	0	84.5	0	91	0	0.16490409304133
4	9.75	0	42.25	0	26	0	29.25	0	0.201496192848762
4	16.25	0	81.25	0	48.75	0	55.25	0	0.109500727935517
4	19.5	0	52	0	42.25	0	45.5	0	0.674935029349853
4	39	0	104	0	84.5	0	91	0	0.244051319494999
4	0	0	32.5	0	26	0	29.25	0	1.75360728788005
4	6.5	0	104	0	16.25	0	26	0	0.233275350855346
4	19.5	0	84.5	0	32.5	0	39	0	0.303820937354093
4	9.75	0	42.25	0	35.75	0	39	0	2.21209896173317
4	6.5	0	71.5	0	58.5	0	65	0	0.725023501960431
4	65	0	130	0	110.5	0	117	0	0.431259619155248
4	68.25	0	100.75	0	87.75	0	91	0	0.294043870505479
4	22.75	0	55.25	0	35.75	0	39	0	0.314222469914228
4	58.5	0	91	0	61.75	0	65	0	1.37545619145824
4	45.5	0	78	0	71.5	0	74.75	0	1.16245668580678
4	0	0	65	0	19.5	0	26	0	0.0457051624024617
4	71.5	0	104	0	81.25	0	84.5	0	0.22646273588529
4	55.25	0	120.25	0	61.75	0	68.25	0	0.942384912123083
4	48.75	0	81.25	0	61.75	0	65	0	0.310719673969969
4	94.25	0	126.75	0	117	0	120.25	0	0.598620369936243
4	13	0	45.5	0	22.75	0	26	0	0.206683803695499
4	29.25	0	94.25	0	61.75	0	68.25	0	0.113866067781574
4	0	0	65	0	6.5	0	13	0	0.336711495018278
4	32.5	0	97.5	0	71.5	0	78	0	0.160563147841718
4	6.5	0	104	0	45.5	0	55.25	0	0.0391214115741834
4	0	0	65	0	45.5	0	52	0	0.356617108302915
4	3.25	0	35.75	0	22.75	0	26	0	0.212258351751748
4	9.75	0	107.25	0	29.25	0	39	0	0.0958466182036281
4	45.5	0	110.5	0	65	0	71.5	0	0.216750109531387
4	16.25	0	48.75	0	22.75	0	26	0	0.502908407929335
4	0	0	97.5	0	29.25	0	39	0	0.0325984661092419
4	26	0	58.5	0	32.5	0	35.75	0	0.578343103502903
4	6.5	0	39	0	16.25	0	19.5	0	0.211910755265533
4	39	0	71.5	0	58.5	0	61.75	0	0.360508787351923
4	9.75	0	107.25	0	39	0	48.75	0	0.0542509865926527
4	45.5	0	110.5	0	91	0	97.5	0	0.250773323105681
4	65	0	97.5	0	68.25	0	71.5	0	1.3638079732685
4	0	0	97.5	0	39	0	48.75	0	0.0341220955084106
4	16.25	0	48.75	0	32.5	0	35.75	0	0.307617681586013
4	87.75	0	120.25	0	104	0	107.25	0	0.240913086738075
4	74.75	0	107.25	0	94.25	0	97.5	0	0.283571150164103
4	3.25	0	35.75	0	13	0	16.25	0	0.250621784886953
4	32.5	0	130	0	91	0	100.75	0	0.093234268757192
4	87.75	0	120.25	0	113.75	0	117	0	1.61119453731562
4	58.5	0	123.5	0	104	0	110.5	0	0.297818672060848
4	3.25	0	68.25	0	42.25	0	48.75	0	0.181664982810836
4	39	0	104	0	52	0	58.5	0	0.297420008766884
4	91	0	123.5	0	97.5	0	100.75	0	0.472147049032017
4	61.75	0	126.75	0	87.75	0	94.25	0	0.120628550590706
4	65	0	130	0	78	0	84.5	0	0.283013697025301
4	16.25	0	81.25	0	42.25	0	48.75	0	0.105385986350927
4	42.25	0	74.75	0	55.25	0	58.5	0	0.304091218044298
4	39	0	104	0	78	0	84.5	0	0.135932245968843
4	29.25	0	61.75	0	45.5	0	48.75	0	0.303133250127452
4	9.75	0	42.25	0	29.25	0	32.5	0	0.305678778744481
4	81.25	0	113.75	0	91	0	94.25	0	0.285284236215946
4	52	0	117	0	97.5	0	104	0	0.285362902070731
4	32.5	0	65	0	55.25	0	58.5	0	0.631280945883426
4	91	0	123.5	0	100.75	0	104	0	0.279003386553663
4	16.25	0	113.75	0	26	0	35.75	0	0.502931715549924
4	19.5	0	52	0	45.5	0	48.75	0	1.57519355621733
4	13	0	110.5	0	81.25	0	91	0	0.165121602919689
4	81.25	0	113.75	0	100.75	0	104	0	0.321905185718252
4	45.5	0	78	0	48.75	0	52	0	1.80505202423709
4	32.5	0	97.5	0	39	0	45.5	0	0.880314383192436
4	3.25	0	100.75	0	81.25	0	91	0	0.430156770960728
4	35.75	0	68.25	0	48.75	0	52	0	0.284088518656807
4	42.25	0	107.25	0	48.75	0	55.25	0	0.885885226654063
4	35.75	0	68.25	0	42.25	0	45.5	0	0.802131003173435
4	42.25	0	107.25	0	74.75	0	81.25	0	0.124997683128376
4	84.5	0	117	0	87.75	0	91	0	0.941701442761455
4	71.5	0	104	0	78	0	81.25	0	0.457315292627229
4	29.25	0	126.75	0	68.25	0	78	0	0.0552681113981977
4	97.5	0	130	0	123.5	0	126.75	0	1.00736947725806
4	61.75	0	94.25	0	71.5	0	74.75	0	0.33705206802566
4	19.5	0	117	0	68.25	0	78	0	0.0598116539686541
4	58.5	0	123.5	0	71.5	0	78	0	0.329430209382287
4	61.75	0	94.25	0	81.25	0	84.5	0	0.252373379520074
4	35.75	0	100.75	0	61.75	0	68.25	0	0.12416360056824
4	61.75	0	94.25	0	74.75	0	78	0	0.320806021725535
4	13	0	78	0	65	0	71.5	0	0.513885654459498
4	52	0	84.5	0	74.75	0	78	0	0.478909515272701
4	52	0	117	0	65	0	71.5	0	0.408954609113492
4	55.25	0	87.75	0	58.5	0	61.75	0	1.25858925780558
4	3.25	0	35.75	0	9.75	0	13	0	0.340962712207946
4	26	0	91	0	65	0	71.5	0	0.12977333580535
4	55.25	0	87.75	0	68.25	0	71.5	0	0.301091911025654
4	91	0	123.5	0	94.25	0	97.5	0	1.14191008424983
4	78	0	110.5	0	104	0	107.25	0	1.09957013309472
4	81.25	0	113.75	0	94.25	0	97.5	0	0.243903002516808
4	22.75	0	120.25	0	91	0	100.75	0	0.167588100214746
4	6.5	0	71.5	0	52	0	58.5	0	0.309372493007903
4	61.75	0	126.75	0	94.25	0	100.75	0	0.121617368928289
4	65	0	130	0	104	0	110.5	0	0.198303497829403
4	16.25	0	81.25	0	68.25	0	74.75	0	0.511462318449365
4	6.5	0	104	0	35.75	0	45.5	0	0.0505955214799566
4	19.5	0	84.5	0	52	0	58.5	0	0.118273896714219
4	48.75	0	81.25	0	55.25	0	58.5	0	0.594268068486187
4	71.5	0	104	0	91	0	94.25	0	0.271052983186652
4	35.75	0	68.25	0	45.5	0	48.75	0	0.389710202935436
4	97.5	0	130	0	100.75	0	104	0	1.01396101225552
4	48.75	0	81.25	0	65	0	68.25	0	0.291736535999885
4	0	0	65	0	39	0	45.5	0	0.194978488520321
4	9.75	0	74.75	0	48.75	0	55.25	0	0.164479586420629
4	26	0	58.5	0	48.75	0	52	0	0.589800066314171
4	13	0	78	0	32.5	0	39	0	0.124997020073721
4	32.5	0	130	0	81.25	0	91	0	0.0539725693404066
4	22.75	0	87.75	0	48.75	0	55.25	0	0.108660083018745
4	26	0	58.5	0	42.25	0	45.5	0	0.31145824795474
4	45.5	0	110.5	0	84.5	0	91	0	0.14873888151749
4	48.75	0	113.75	0	74.75	0	81.25	0	0.139304551764276
4	16.25	0	48.75	0	42.25	0	45.5	0	1.83135015966545
4	74.75	0	107.25	0	87.75	0	91	0	0.239956536841873
4	22.75	0	120.25	0	32.5	0	42.25	0	0.57185004887056
4	26	0	58.5	0	52	0	55.25	0	1.26908477395458
4	9.75	0	107.25	0	58.5	0	68.25	0	0.0520786256186044
4	22.75	0	87.75	0	74.75	0	81.25	0	0.62433969863635
4	61.75	0	94.25	0	78	0	81.25	0	0.260896882484166
4	65	0	97.5	0	87.75	0	91	0	0.47632222299931
4	29.25	0	61.75	0	35.75	0	39	0	0.656159654943987
4	0	0	97.5	0	58.5	0	68.25	0	0.081758340326874
4	3.25	0	68.25	0	35.75	0	42.25	0	0.109324858139469
4	52	0	84.5	0	78	0	81.25	0	0.914270941731322
4	19.5	0	52	0	35.75	0	39	0	0.320022266228256
4	6.5	0	71.5	0	19.5	0	26	0	0.10682791177592
4	78	0	110.5	0	81.25	0	84.5	0	0.899862431920982
4	65	0	130	0	71.5	0	78	0	0.778015345071959
4	32.5	0	130	0	110.5	0	120.25	0	0.757815755590354
4	16.25	0	81.25	0	35.75	0	42.25	0	0.151180241027722
4	68.25	0	100.75	0	81.25	0	84.5	0	0.203297122430423
4	39	0	104	0	71.5	0	78	0	0.12399833919828
4	91	0	123.5	0	117	0	120.25	0	1.19542495883004
4	29.25	0	61.75	0	39	0	42.25	0	0.373587180934401
4	9.75	0	42.25	0	22.75	0	26	0	0.135893128915288
4	68.25	0	100.75	0	74.75	0	78	0	0.599462216409002
4	19.5	0	52	0	39	0	42.25	0	0.402137762448913
4	16.25	0	81.25	0	61.75	0	68.25	0	0.245826047454978
4	0	0	32.5	0	22.75	0	26	0	0.419631323291331
4	9.75	0	42.25	0	32.5	0	35.75	0	0.841841416280786
4	26	0	123.5	0	45.5	0	55.25	0	0.142632933867633
4	13	0	45.5	0	16.25	0	19.5	0	1.50567732835803
4	16.25	0	113.75	0	45.5	0	55.25	0	0.0729542535705991
4	22.75	0	55.25	0	32.5	0	35.75	0	0.38954167110405
4	9.75	0	74.75	0	16.25	0	22.75	0	0.485120805466016
4	26	0	123.5	0	55.25	0	65	0	0.0781075609297139
4	94.25	0	126.75	0	104	0	107.25	0	0.284624393519515
4	45.5	0	78	0	68.25	0	71.5	0	0.370124141102293
4	29.25	0	126.75	0	39	0	48.75	0	0.50478061880192
4	16.25	0	113.75	0	55.25	0	65	0	0.0557068572299602
4	84.5	0	117	0	104	0	107.25	0	0.313235001847884
4	22.75	0	55.25	0	26	0	29.25	0	1.32257146703582
4	42.25	0	107.25	0	68.25	0	74.75	0	0.127645330208544
4	94.25	0	126.75	0	113.75	0	117	0	0.452502089358721
4	71.5	0	104	0	94.25	0	97.5	0	0.434143115559104
4	9.75	0	74.75	0	42.25	0	48.75	0	0.110340264382233
4	13	0	45.5	0	19.5	0	22.75	0	0.410943710846288
4	45.5	0	110.5	0	52	0	58.5	0	0.874978625237232
4	3.25	0	35.75	0	19.5	0	22.75	0	0.186856515948341
4	19.5	0	84.5	0	58.5	0	65	0	0.161674120834413
4	94.25	0	126.75	0	107.25	0	110.5	0	0.253564250605105
4	42.25	0	107.25	0	94.25	0	100.75	0	0.638750178033647
4	22.75	0	87.75	0	42.25	0	48.75	0	0.143156915120504
4	84.5	0	117	0	107.25	0	110.5	0	0.580229160881293
4	32.5	0	130	0	52	0	61.75	0	0.157142120769442
4	16.25	0	48.75	0	19.5	0	22.75	0	1.40968831603238
4	87.75	0	120.25	0	91	0	94.25	0	0.933265394776649
4	58.5	0	123.5	0	97.5	0	104	0	0.159328530065931
4	39	0	71.5	0	55.25	0	58.5	0	0.294832599329593
4	26	0	58.5	0	45.5	0	48.75	0	0.388715419834543
4	35.75	0	100.75	0	55.25	0	61.75	0	0.159629903891036
4	87.75	0	120.25	0	100.75	0	104	0	0.230662853800858
4	3.25	0	68.25	0	29.25	0	35.75	0	0.0659296400621029
4	39	0	71.5	0	65	0	68.25	0	1.02716478962172
4	29.25	0	126.75	0	97.5	0	107.25	0	0.193529513772714
4	19.5	0	117	0	97.5	0	107.25	0	0.520403458478219
4	16.25	0	81.25	0	29.25	0	35.75	0	0.250138327412369
4	13	0	110.5	0	22.75	0	32.5	0	0.327071342670451
4	48.75	0	113.75	0	100.75	0	107.25	0	0.728519894918234
4	52	0	117	0	84.5	0	91	0	0.11323591113369
4	32.5	0	65	0	42.25	0	45.5	0	0.380861394583184
4	3.25	0	100.75	0	22.75	0	32.5	0	0.0504514205881994
4	42.25	0	74.75	0	52	0	55.25	0	0.368352917000942
4	6.5	0	39	0	13	0	16.25	0	0.514950444427735
4	81.25	0	113.75	0	87.75	0	91	0	0.446616153494483
4	32.5	0	65	0	52	0	55.25	0	0.378252973478731
4	68.25	0	100.75	0	78	0	81.25	0	0.327746304332601
4	6.5	0	71.5	0	26	0	32.5	0	0.0675393350603576
4	81.25	0	113.75	0	97.5	0	100.75	0	0.258463856244255
4	19.5	0	84.5	0	26	0	32.5	0	0.78917751119393
4	58.5	0	91	0	81.25	0	84.5	0	0.377963059505308
4	42.25	0	107.25	0	61.75	0	68.25	0	0.201412194807579
4	55.25	0	120.25	0	81.25	0	87.75	0	0.106110273469694
4	35.75	0	68.25	0	39	0	42.25	0	2.25183567110427
4	19.5	0	84.5	0	71.5	0	78	0	0.640939107487922
4	58.5	0	91	0	74.75	0	78	0	0.299189434871702
4	22.75	0	55.25	0	29.25	0	32.5	0	0.518358196982126
4	58.5	0	123.5	0	65	0	71.5	0	1.00214042725062
4	29.25	0	94.25	0	81.25	0	87.75	0	0.58723759982687
4	26	0	123.5	0	104	0	113.75	0	0.561753323657335
4	48.75	0	81.25	0	74.75	0	78	0	1.02024111501418
4	6.5	0	104	0	65	0	74.75	0	0.0802059556110328
4	3.25	0	68.25	0	9.75	0	16.25	0	0.432463963475552
4	58.5	0	91	0	84.5	0	87.75	0	0.969015496298816
4	55.25	0	120.25	0	107.25	0	113.75	0	0.804106077291826
4	94.25	0	126.75	0	110.5	0	113.75	0	0.281044887534331
4	97.5	0	130	0	120.25	0	123.5	0	0.498229209954792
4	61.75	0	94.25	0	68.25	0	71.5	0	0.658366982149571
4	84.5	0	117	0	110.5	0	113.75	0	1.37821873728784
4	52	0	84.5	0	68.25	0	71.5	0	0.259440786654917
4	45.5	0	110.5	0	58.5	0	65	0	0.35550999983698
4	48.75	0	113.75	0	68.25	0	74.75	0	0.197732871247439
4	13	0	78	0	52	0	58.5	0	0.161188338950871
4	32.5	0	130	0	100.75	0	110.5	0	0.229418463948657
4	22.75	0	87.75	0	68.25	0	74.75	0	0.240728149523512
4	52	0	84.5	0	71.5	0	74.75	0	0.300456462123722
4	48.75	0	113.75	0	94.25	0	100.75	0	0.280275549337603
4	22.75	0	120.25	0	52	0	61.75	0	0.0800014738774965
4	39	0	71.5	0	61.75	0	65	0	0.507057923488033
4	9.75	0	107.25	0	78	0	87.75	0	0.159921744987915
4	42.25	0	74.75	0	45.5	0	48.75	0	1.94174143285932
4	29.25	0	61.75	0	55.25	0	58.5	0	1.3785732154674
4	65	0	130	0	97.5	0	104	0	0.13267824567007
4	0	0	97.5	0	78	0	87.75	0	0.428427724277337
4	3.25	0	68.25	0	55.25	0	61.75	0	0.8546853366845
4	55.25	0	87.75	0	65	0	68.25	0	0.430652366614693
4	39	0	104	0	45.5	0	52	0	0.956944690045633
4	32.5	0	65	0	45.5	0	48.75	0	0.285762721399633
4	9.75	0	107.25	0	87.75	0	97.5	0	0.442554517148729
4	6.5	0	71.5	0	39	0	45.5	0	0.107199504998166
4	78	0	110.5	0	100.75	0	104	0	0.478436083047028
4	13	0	110.5	0	71.5	0	81.25	0	0.0977295925609075
4	16.25	0	81.25	0	55.25	0	61.75	0	0.16082614090562
4	3.25	0	100.75	0	71.5	0	81.25	0	0.181732400270097
4	0	0	97.5	0	9.75	0	19.5	0	0.15139884908066
4	29.25	0	94.25	0	48.75	0	55.25	0	0.134116045538737
4	52	0	117	0	91	0	97.5	0	0.146909545629782
4	55.25	0	120.25	0	74.75	0	81.25	0	0.194168889380461
4	22.75	0	55.25	0	42.25	0	45.5	0	0.406418458585999
4	29.25	0	94.25	0	74.75	0	81.25	0	0.262165008142703
4	48.75	0	81.25	0	52	0	55.25	0	1.57719095650615
4	13	0	45.5	0	35.75	0	39	0	0.748914427949877
4	71.5	0	104	0	87.75	0	91	0	0.236495967632761
4	3.25	0	100.75	0	13	0	22.75	0	0.225908422278133
4	26	0	123.5	0	74.75	0	84.5	0	0.0548273424808137
4	9.75	0	74.75	0	35.75	0	42.25	0	0.092465283298417
4	6.5	0	39	0	9.75	0	13	0	1.16622683873731
4	58.5	0	91	0	78	0	81.25	0	0.297845438203086
4	16.25	0	113.75	0	74.75	0	84.5	0	0.090580542100778
4	71.5	0	104	0	97.5	0	100.75	0	1.0927139279404
4	42.25	0	107.25	0	87.75	0	94.25	0	0.24116949956132
4	9.75	0	107.25	0	19.5	0	29.25	0	0.24789014219875
4	22.75	0	87.75	0	35.75	0	42.25	0	0.291544039295335
4	74.75	0	107.25	0	81.25	0	84.5	0	0.344816602104044
4	9.75	0	74.75	0	61.75	0	68.25	0	0.7021832617585
4	13	0	45.5	0	39	0	42.25	0	1.89889679177925
4	45.5	0	110.5	0	71.5	0	78	0	0.133190563059345
4	0	0	97.5	0	19.5	0	29.25	0	0.0408239889255632
4	48.75	0	113.75	0	61.75	0	68.25	0	0.392844751889508
4	26	0	58.5	0	39	0	42.25	0	0.292536770653536
4	6.5	0	39	0	22.75	0	26	0	0.144479691887603
4	22.75	0	87.75	0	61.75	0	68.25	0	0.155289498332821
4	65	0	97.5	0	74.75	0	78	0	0.399914318014695
4	3.25	0	68.25	0	22.75	0	29.25	0	0.0529853071145226
4	35.75	0	100.75	0	81.25	0	87.75	0	0.224114893632066
4	16.25	0	48.75	0	39	0	42.25	0	0.68712657880666
4	74.75	0	107.25	0	84.5	0	87.75	0	0.266678943502587
4	6.5	0	39	0	32.5	0	35.75	0	2.4335462271468
4	65	0	97.5	0	84.5	0	87.75	0	0.284582836974666
4	29.25	0	61.75	0	32.5	0	35.75	0	1.70522609985304
4	16.25	0	81.25	0	22.75	0	29.25	0	0.737728726403073
4	6.5	0	39	0	26	0	29.25	0	0.302825784297801
4	19.5	0	52	0	32.5	0	35.75	0	0.308456814656692
4	26	0	91	0	32.5	0	39	0	0.774194097233685
4	13	0	78	0	58.5	0	65	0	0.277408433941538
4	52	0	117	0	58.5	0	65	0	0.87569978988067
4	0	0	32.5	0	6.5	0	9.75	0	0.296559588317
4	19.5	0	52	0	26	0	29.25	0	0.592074211092839
4	91	0	123.5	0	113.75	0	117	0	0.674506710635155
4	13	0	110.5	0	42.25	0	52	0	0.0613769370774748
4	26	0	91	0	58.5	0	65	0	0.115859724647591
4	9.75	0	42.25	0	19.5	0	22.75	0	0.195315079419704
4	68.25	0	100.75	0	71.5	0	74.75	0	1.02556167419865
4	3.25	0	100.75	0	42.25	0	52	0	0.0354518225901612
4	0	0	32.5	0	19.5	0	22.75	0	0.292145527016908
4	52	0	117	0	104	0	110.5	0	0.795801179940723
4	91	0	123.5	0	107.25	0	110.5	0	0.261077765135275
4	55.25	0	87.75	0	61.75	0	65	0	0.627514728490443
4	61.75	0	126.75	0	113.75	0	120.25	0	0.924330685530494
4	81.25	0	113.75	0	107.25	0	110.5	0	1.39999532518528
4	45.5	0	78	0	55.25	0	58.5	0	0.376740981206621
4	6.5	0	71.5	0	45.5	0	52	0	0.161833530853575
4	42.25	0	107.25	0	55.25	0	61.75	0	0.323095013212853
4	94.25	0	126.75	0	100.75	0	104	0	0.430193184231659
4	45.5	0	78	0	65	0	68.25	0	0.326899134264413
4	9.75	0	74.75	0	29.25	0	35.75	0	0.0877857638070528
4	84.5	0	117	0	100.75	0	104	0	0.246110343039716
4	19.5	0	84.5	0	45.5	0	52	0	0.106674656650673
4	45.5	0	78	0	58.5	0	61.75	0	0.30733497052627
4	32.5	0	97.5	0	65	0	71.5	0	0.103504538682639
4	3.25	0	35.75	0	16.25	0	19.5	0	0.168698804138777
4	55.25	0	120.25	0	100.75	0	107.25	0	0.274442472038601
4	35.75	0	68.25	0	58.5	0	61.75	0	0.59520780139428
4	19.5	0	117	0	29.25	0	39	0	0.528356558129792
4	35.75	0	100.75	0	48.75	0	55.25	0	0.273038798801839
4	39	0	71.5	0	42.25	0	45.5	0	2.25882747756426
4	19.5	0	117	0	39	0	48.75	0	0.163019324537171
4	6.5	0	104	0	84.5	0	94.25	0	0.434843238309818
4	39	0	71.5	0	52	0	55.25	0	0.283097805493831
4	74.75	0	107.25	0	78	0	81.25	0	1.2115505416872
4	61.75	0	94.25	0	87.75	0	91	0	1.17267645295228
4	13	0	78	0	26	0	32.5	0	0.176480764057788
4	87.75	0	120.25	0	97.5	0	100.75	0	0.290216246277803
4	65	0	97.5	0	78	0	81.25	0	0.269887012976644
4	45.5	0	110.5	0	78	0	84.5	0	0.110598008801975
4	48.75	0	113.75	0	87.75	0	94.25	0	0.150185123891567
4	6.5	0	39	0	29.25	0	32.5	0	0.622278153331909
4	61.75	0	126.75	0	81.25	0	87.75	0	0.14860510863139
4	32.5	0	65	0	39	0	42.25	0	0.671932922438401
4	55.25	0	87.75	0	74.75	0	78	0	0.339550802321033
4	19.5	0	52	0	29.25	0	32.5	0	0.30595482260527
4	42.25	0	74.75	0	48.75	0	52	0	0.654165581464133
4	61.75	0	126.75	0	107.25	0	113.75	0	0.341742371988283
4	81.25	0	113.75	0	84.5	0	87.75	0	0.90122475775475
4	32.5	0	65	0	48.75	0	52	0	0.290698000826134
4	65	0	130	0	117	0	123.5	0	0.802770775617164
4	22.75	0	120.25	0	81.25	0	91	0	0.0787252425908989
4	91	0	123.5	0	110.5	0	113.75	0	0.3425450788288
4	26	0	123.5	0	65	0	74.75	0	0.0540648254761356
4	13	0	110.5	0	91	0	100.75	0	0.475412732028166
4	16.25	0	113.75	0	65	0	74.75	0	0.0576189520875894
4	55.25	0	120.25	0	68.25	0	74.75	0	0.357045717343814
0
0
0
0
0
0
0
0
