Wenner_1
4.0000
11
1
Type of measurement (0=app. resistivity,1=resistance)
0
278
2
0
4      84.00       5.89      96.00       5.54      88.00       5.75      92.00       5.65     76.23615 
4      88.00       5.75     100.00       5.38      92.00       5.65      96.00       5.54     69.22060 
4      92.00       5.65     104.00       5.30      96.00       5.54     100.00       5.38     88.29132 
4      96.00       5.54     108.00       5.23     100.00       5.38     104.00       5.30     78.40158 
4     100.00       5.38     112.00       5.16     104.00       5.30     108.00       5.23     93.84264 
4     104.00       5.30     116.00       5.12     108.00       5.23     112.00       5.16     85.21709 
4     108.00       5.23     120.00       5.09     112.00       5.16     116.00       5.12     84.06701 
4     112.00       5.16     124.00       5.03     116.00       5.12     120.00       5.09    103.20333 
4     116.00       5.12     128.00       4.96     120.00       5.09     124.00       5.03     90.49899 
4     120.00       5.09     132.00       4.90     124.00       5.03     128.00       4.96     99.12830 
4     124.00       5.03     136.00       4.85     128.00       4.96     132.00       4.90     88.33882 
4     128.00       4.96     140.00       4.79     132.00       4.90     136.00       4.85     95.38353 
4     132.00       4.90     144.00       4.74     136.00       4.85     140.00       4.79     81.95812 
4     136.00       4.85     148.00       4.70     140.00       4.79     144.00       4.74     80.28478 
4     140.00       4.79     152.00       4.66     144.00       4.74     148.00       4.70     84.24319 
4     144.00       4.74     156.00       4.64     148.00       4.70     152.00       4.66     60.20825 
4     148.00       4.70     160.00       4.71     152.00       4.66     156.00       4.64     58.40447 
4     152.00       4.66     164.00       4.79     156.00       4.64     160.00       4.71     45.68931 
4     156.00       4.64     168.00       4.91     160.00       4.71     164.00       4.79     37.76898 
4     160.00       4.71     172.00       5.02     164.00       4.79     168.00       4.91     30.47873 
4     164.00       4.79     176.00       5.13     168.00       4.91     172.00       5.02     30.94494 
4     168.00       4.91     180.00       5.23     172.00       5.02     176.00       5.13     30.51517 
4     172.00       5.02     184.00       5.28     176.00       5.13     180.00       5.23     26.46226 
4     176.00       5.13     188.00       5.29     180.00       5.23     184.00       5.28     31.28247 
4     180.00       5.23     192.00       5.20     184.00       5.28     188.00       5.29     33.53964 
4     184.00       5.28     196.00       5.08     188.00       5.29     192.00       5.20     41.99782 
4     188.00       5.29     200.00       4.95     192.00       5.20     196.00       5.08     40.73339 
4     192.00       5.20     204.00       4.83     196.00       5.08     200.00       4.95     52.21176 
4     196.00       5.08     208.00       4.73     200.00       4.95     204.00       4.83     51.71966 
4     200.00       4.95     212.00       4.56     204.00       4.83     208.00       4.73     52.46510 
4     204.00       4.83     216.00       4.49     208.00       4.73     212.00       4.56     58.78975 
4     208.00       4.73     220.00       4.40     212.00       4.56     216.00       4.49     58.87068 
4     212.00       4.56     224.00       4.30     216.00       4.49     220.00       4.40     58.48741 
4     216.00       4.49     228.00       4.20     220.00       4.40     224.00       4.30     51.63874 
4     220.00       4.40     232.00       4.09     224.00       4.30     228.00       4.20     48.19002 
4     224.00       4.30     236.00       3.99     228.00       4.20     232.00       4.09     38.61771 
4     228.00       4.20     240.00       3.92     232.00       4.09     236.00       3.99     39.85726 
4       0.00       8.97      24.00       7.61       8.00       8.27      16.00       7.58    136.69698 
4      16.00       7.58      40.00       7.46      24.00       7.61      32.00       7.74     86.91756 
4      24.00       7.61      48.00       7.18      32.00       7.74      40.00       7.46     86.88037 
4      32.00       7.74      56.00       6.83      40.00       7.46      48.00       7.18     86.09773 
4      40.00       7.46      64.00       6.49      48.00       7.18      56.00       6.83     70.07310 
4      48.00       7.18      72.00       6.20      56.00       6.83      64.00       6.49     67.52665 
4      56.00       6.83      80.00       6.03      64.00       6.49      72.00       6.20     37.79432 
4      64.00       6.49      88.00       5.75      72.00       6.20      80.00       6.03     40.87323 
4      72.00       6.20      96.00       5.54      80.00       6.03      88.00       5.75     35.44204 
4      80.00       6.03     104.00       5.30      88.00       5.75      96.00       5.54     48.89394 
4      84.00       5.89     108.00       5.23      92.00       5.65     100.00       5.38     49.91895 
4      88.00       5.75     112.00       5.16      96.00       5.54     104.00       5.30     50.03140 
4      92.00       5.65     116.00       5.12     100.00       5.38     108.00       5.23     57.93097 
4      96.00       5.54     120.00       5.09     104.00       5.30     112.00       5.16     53.62724 
4     100.00       5.38     124.00       5.03     108.00       5.23     116.00       5.12     56.64317 
4     104.00       5.30     128.00       4.96     112.00       5.16     120.00       5.09     65.48839 
4     108.00       5.23     132.00       4.90     116.00       5.12     124.00       5.03     61.14344 
4     112.00       5.16     136.00       4.85     120.00       5.09     128.00       4.96     49.44656 
4     116.00       5.12     140.00       4.79     124.00       5.03     132.00       4.90     49.70040 
4     120.00       5.09     144.00       4.74     128.00       4.96     136.00       4.85     57.63390 
4     124.00       5.03     148.00       4.70     132.00       4.90     140.00       4.79     46.44465 
4     128.00       4.96     152.00       4.66     136.00       4.85     144.00       4.74     44.45580 
4     132.00       4.90     156.00       4.64     140.00       4.79     148.00       4.70     42.03929 
4     136.00       4.85     160.00       4.71     144.00       4.74     152.00       4.66     41.73231 
4     140.00       4.79     164.00       4.79     148.00       4.70     156.00       4.64     38.02403 
4     144.00       4.74     168.00       4.91     152.00       4.66     160.00       4.71     37.39902 
4     148.00       4.70     172.00       5.02     156.00       4.64     164.00       4.79     32.38987 
4     152.00       4.66     176.00       5.13     160.00       4.71     168.00       4.91     26.63990 
4     156.00       4.64     180.00       5.23     164.00       4.79     172.00       5.02     26.76617 
4     160.00       4.71     184.00       5.28     168.00       4.91     176.00       5.13     27.54051 
4     164.00       4.79     188.00       5.29     172.00       5.02     180.00       5.23     25.61720 
4     168.00       4.91     192.00       5.20     176.00       5.13     184.00       5.28     24.63582 
4     172.00       5.02     196.00       5.08     180.00       5.23     188.00       5.29     27.36433 
4     176.00       5.13     200.00       4.95     184.00       5.28     192.00       5.20     27.62727 
4     180.00       5.23     204.00       4.83     188.00       5.29     196.00       5.08     28.99750 
4     184.00       5.28     208.00       4.73     192.00       5.20     200.00       4.95     34.51484 
4     192.00       5.20     216.00       4.49     200.00       4.95     208.00       4.73     38.93263 
4     196.00       5.08     220.00       4.40     204.00       4.83     212.00       4.56     37.12885 
4     200.00       4.95     224.00       4.30     208.00       4.73     216.00       4.49     37.46015 
4     204.00       4.83     228.00       4.20     212.00       4.56     220.00       4.40     36.97217 
4     208.00       4.73     232.00       4.09     216.00       4.49     224.00       4.30     36.57236 
4     212.00       4.56     236.00       3.99     220.00       4.40     228.00       4.20     33.34315 
4     216.00       4.49     240.00       3.92     224.00       4.30     232.00       4.09     30.02000 
4     224.00       4.30     248.00       3.66     232.00       4.09     240.00       3.92     25.89416 
4     232.00       4.09     256.00       3.33     240.00       3.92     248.00       3.66     20.78578 
4     240.00       3.92     264.00       2.96     248.00       3.66     256.00       3.33     13.92585 
4     248.00       3.66     272.00       2.57     256.00       3.33     264.00       2.96     12.83142 
4     256.00       3.33     280.00       2.14     264.00       2.96     272.00       2.57      9.34752 
4      80.00       6.03     116.00       5.12      92.00       5.65     104.00       5.30     43.51269 
4      88.00       5.75     124.00       5.03     100.00       5.38     112.00       5.16     38.29536 
4      92.00       5.65     128.00       4.96     104.00       5.30     116.00       5.12     42.34628 
4      96.00       5.54     132.00       4.90     108.00       5.23     120.00       5.09     44.51647 
4     100.00       5.38     136.00       4.85     112.00       5.16     124.00       5.03     45.37646 
4     104.00       5.30     140.00       4.79     116.00       5.12     128.00       4.96     47.15299 
4     108.00       5.23     144.00       4.74     120.00       5.09     132.00       4.90     41.79135 
4     112.00       5.16     148.00       4.70     124.00       5.03     136.00       4.85     40.86116 
4     116.00       5.12     152.00       4.66     128.00       4.96     140.00       4.79     41.52964 
4     120.00       5.09     156.00       4.64     132.00       4.90     144.00       4.74     39.36217 
4     124.00       5.03     160.00       4.71     136.00       4.85     148.00       4.70     36.91067 
4     128.00       4.96     164.00       4.79     140.00       4.79     152.00       4.66     37.76795 
4     132.00       4.90     168.00       4.91     144.00       4.74     156.00       4.64     38.41313 
4     136.00       4.85     172.00       5.02     148.00       4.70     160.00       4.71     36.93910 
4     140.00       4.79     176.00       5.13     152.00       4.66     164.00       4.79     36.54982 
4     144.00       4.74     180.00       5.23     156.00       4.64     168.00       4.91     32.99697 
4     148.00       4.70     184.00       5.28     160.00       4.71     172.00       5.02     31.64629 
4     152.00       4.66     188.00       5.29     164.00       4.79     176.00       5.13     32.53840 
4     156.00       4.64     192.00       5.20     168.00       4.91     180.00       5.23     32.36190 
4     160.00       4.71     196.00       5.08     172.00       5.02     184.00       5.28     31.21464 
4     164.00       4.79     200.00       4.95     176.00       5.13     188.00       5.29     27.88211 
4     168.00       4.91     204.00       4.83     180.00       5.23     192.00       5.20     28.35840 
4     172.00       5.02     208.00       4.73     184.00       5.28     196.00       5.08     29.83500 
4     176.00       5.13     212.00       4.56     188.00       5.29     200.00       4.95     33.42509 
4     180.00       5.23     216.00       4.49     192.00       5.20     204.00       4.83     36.95063 
4     184.00       5.28     220.00       4.40     196.00       5.08     208.00       4.73     37.87954 
4     188.00       5.29     224.00       4.30     200.00       4.95     212.00       4.56     36.75362 
4     192.00       5.20     228.00       4.20     204.00       4.83     216.00       4.49     35.81695 
4     196.00       5.08     232.00       4.09     208.00       4.73     220.00       4.40     36.25893 
4     200.00       4.95     236.00       3.99     212.00       4.56     224.00       4.30     35.91919 
4     204.00       4.83     240.00       3.92     216.00       4.49     228.00       4.20     36.20291 
4       0.00       8.97      48.00       7.18      16.00       7.58      32.00       7.74     65.89473 
4       8.00       8.27      56.00       6.83      24.00       7.61      40.00       7.46     62.36127 
4      16.00       7.58      64.00       6.49      32.00       7.74      48.00       7.18     66.09770 
4      24.00       7.61      72.00       6.20      40.00       7.46      56.00       6.83     64.46860 
4      32.00       7.74      80.00       6.03      48.00       7.18      64.00       6.49     65.93444 
4      40.00       7.46      88.00       5.75      56.00       6.83      72.00       6.20     57.10018 
4      48.00       7.18      96.00       5.54      64.00       6.49      80.00       6.03     46.44923 
4      56.00       6.83     104.00       5.30      72.00       6.20      88.00       5.75     47.70033 
4      64.00       6.49     112.00       5.16      80.00       6.03      96.00       5.54     49.03458 
4      72.00       6.20     120.00       5.09      88.00       5.75     104.00       5.30     43.36383 
4      80.00       6.03     128.00       4.96      96.00       5.54     112.00       5.16     38.91302 
4      88.00       5.75     136.00       4.85     104.00       5.30     120.00       5.09     42.76698 
4      96.00       5.54     144.00       4.74     112.00       5.16     128.00       4.96     45.50263 
4     104.00       5.30     152.00       4.66     120.00       5.09     136.00       4.85     44.55804 
4     112.00       5.16     160.00       4.71     128.00       4.96     144.00       4.74     39.81258 
4     120.00       5.09     168.00       4.91     136.00       4.85     152.00       4.66     41.49918 
4     128.00       4.96     176.00       5.13     144.00       4.74     160.00       4.71     42.70757 
4     136.00       4.85     184.00       5.28     152.00       4.66     168.00       4.91     42.03360 
4     144.00       4.74     192.00       5.20     160.00       4.71     176.00       5.13     39.36420 
4     152.00       4.66     200.00       4.95     168.00       4.91     184.00       5.28     37.06245 
4     160.00       4.71     208.00       4.73     176.00       5.13     192.00       5.20     33.93312 
4     168.00       4.91     216.00       4.49     184.00       5.28     200.00       4.95     36.79564 
4     176.00       5.13     224.00       4.30     192.00       5.20     208.00       4.73     42.28202 
4     184.00       5.28     232.00       4.09     200.00       4.95     216.00       4.49     43.10526 
4     192.00       5.20     240.00       3.92     208.00       4.73     224.00       4.30     42.87967 
4     200.00       4.95     248.00       3.66     216.00       4.49     232.00       4.09     38.99626 
4     208.00       4.73     256.00       3.33     224.00       4.30     240.00       3.92     33.81952 
4     216.00       4.49     264.00       2.96     232.00       4.09     248.00       3.66     24.11195 
4     224.00       4.30     272.00       2.57     240.00       3.92     256.00       3.33     31.50449 
4     232.00       4.09     280.00       2.14     248.00       3.66     264.00       2.96     27.26611 
4       0.00       8.97      72.00       6.20      24.00       7.61      48.00       7.18     73.68231 
4       8.00       8.27      80.00       6.03      32.00       7.74      56.00       6.83     70.59098 
4      16.00       7.58      88.00       5.75      40.00       7.46      64.00       6.49     80.69842 
4      24.00       7.61      96.00       5.54      48.00       7.18      72.00       6.20     70.87252 
4      32.00       7.74     104.00       5.30      56.00       6.83      80.00       6.03     66.09680 
4      40.00       7.46     112.00       5.16      64.00       6.49      88.00       5.75     56.62934 
4      48.00       7.18     120.00       5.09      72.00       6.20      96.00       5.54     57.22348 
4      56.00       6.83     128.00       4.96      80.00       6.03     104.00       5.30     54.03067 
4      64.00       6.49     136.00       4.85      88.00       5.75     112.00       5.16     52.62720 
4      72.00       6.20     144.00       4.74      96.00       5.54     120.00       5.09     50.80182 
4      80.00       6.03     152.00       4.66     104.00       5.30     128.00       4.96     53.50861 
4      88.00       5.75     160.00       4.71     112.00       5.16     136.00       4.85     56.08421 
4      96.00       5.54     168.00       4.91     120.00       5.09     144.00       4.74     52.89050 
4     104.00       5.30     176.00       5.13     128.00       4.96     152.00       4.66     54.51111 
4     112.00       5.16     184.00       5.28     136.00       4.85     160.00       4.71     56.65905 
4     120.00       5.09     192.00       5.20     144.00       4.74     168.00       4.91     58.16958 
4     128.00       4.96     200.00       4.95     152.00       4.66     176.00       5.13     55.77644 
4     136.00       4.85     208.00       4.73     160.00       4.71     184.00       5.28     51.01188 
4     144.00       4.74     216.00       4.49     168.00       4.91     192.00       5.20     46.43385 
4     152.00       4.66     224.00       4.30     176.00       5.13     200.00       4.95     46.97158 
4     160.00       4.71     232.00       4.09     184.00       5.28     208.00       4.73     53.03059 
4     168.00       4.91     240.00       3.92     192.00       5.20     216.00       4.49     59.37821 
4     176.00       5.13     248.00       3.66     200.00       4.95     224.00       4.30     59.71524 
4     184.00       5.28     256.00       3.33     208.00       4.73     232.00       4.09     53.42205 
4     192.00       5.20     264.00       2.96     216.00       4.49     240.00       3.92     48.94446 
4     200.00       4.95     272.00       2.57     224.00       4.30     248.00       3.66     42.50424 
4     208.00       4.73     280.00       2.14     232.00       4.09     256.00       3.33     41.47731 
4       0.00       8.97      96.00       5.54      32.00       7.74      64.00       6.49     90.68255 
4       8.00       8.27     104.00       5.30      40.00       7.46      72.00       6.20     84.34367 
4      16.00       7.58     112.00       5.16      48.00       7.18      80.00       6.03     86.89897 
4      24.00       7.61     120.00       5.09      56.00       6.83      88.00       5.75     77.09357 
4      32.00       7.74     128.00       4.96      64.00       6.49      96.00       5.54     68.26736 
4      40.00       7.46     136.00       4.85      72.00       6.20     104.00       5.30     65.91856 
4      48.00       7.18     144.00       4.74      80.00       6.03     112.00       5.16     63.30938 
4      56.00       6.83     152.00       4.66      88.00       5.75     120.00       5.09     64.62955 
4      64.00       6.49     160.00       4.71      96.00       5.54     128.00       4.96     63.89567 
4      72.00       6.20     168.00       4.91     104.00       5.30     136.00       4.85     65.01197 
4      80.00       6.03     176.00       5.13     112.00       5.16     144.00       4.74     65.32100 
4      88.00       5.75     184.00       5.28     120.00       5.09     152.00       4.66     69.42207 
4      96.00       5.54     192.00       5.20     128.00       4.96     160.00       4.71     74.03804 
4     104.00       5.30     200.00       4.95     136.00       4.85     168.00       4.91     71.91040 
4     112.00       5.16     208.00       4.73     144.00       4.74     176.00       5.13     69.60724 
4     120.00       5.09     216.00       4.49     152.00       4.66     184.00       5.28     63.74307 
4     128.00       4.96     224.00       4.30     160.00       4.71     192.00       5.20     57.80389 
4     136.00       4.85     232.00       4.09     168.00       4.91     200.00       4.95     58.58804 
4     144.00       4.74     240.00       3.92     176.00       5.13     208.00       4.73     61.32490 
4     152.00       4.66     248.00       3.66     184.00       5.28     216.00       4.49     68.30194 
4     160.00       4.71     256.00       3.33     192.00       5.20     224.00       4.30     72.08392 
4     168.00       4.91     264.00       2.96     200.00       4.95     232.00       4.09     63.95418 
4     176.00       5.13     272.00       2.57     208.00       4.73     240.00       3.92     64.42828 
4     184.00       5.28     280.00       2.14     216.00       4.49     248.00       3.66     58.24884 
4       0.00       8.97     120.00       5.09      40.00       7.46      80.00       6.03     99.87224 
4       8.00       8.27     128.00       4.96      48.00       7.18      88.00       5.75     93.86124 
4      16.00       7.58     136.00       4.85      56.00       6.83      96.00       5.54     92.48749 
4      24.00       7.61     144.00       4.74      64.00       6.49     104.00       5.30     78.89745 
4      32.00       7.74     152.00       4.66      72.00       6.20     112.00       5.16     75.61135 
4      40.00       7.46     160.00       4.71      80.00       6.03     120.00       5.09     74.25267 
4      48.00       7.18     168.00       4.91      88.00       5.75     128.00       4.96     74.41001 
4      56.00       6.83     176.00       5.13      96.00       5.54     136.00       4.85     73.60224 
4      64.00       6.49     184.00       5.28     104.00       5.30     144.00       4.74     76.87980 
4      72.00       6.20     192.00       5.20     112.00       5.16     152.00       4.66     83.07226 
4      80.00       6.03     200.00       4.95     120.00       5.09     160.00       4.71     85.35833 
4      88.00       5.75     208.00       4.73     128.00       4.96     168.00       4.91     83.75838 
4      96.00       5.54     216.00       4.49     136.00       4.85     176.00       5.13     80.59819 
4     104.00       5.30     224.00       4.30     144.00       4.74     184.00       5.28     75.37359 
4     112.00       5.16     232.00       4.09     152.00       4.66     192.00       5.20     68.09566 
4     120.00       5.09     240.00       3.92     160.00       4.71     200.00       4.95     67.64477 
4     128.00       4.96     248.00       3.66     168.00       4.91     208.00       4.73     71.38075 
4     136.00       4.85     256.00       3.33     176.00       5.13     216.00       4.49     73.49895 
4     144.00       4.74     264.00       2.96     184.00       5.28     224.00       4.30     69.08011 
4     152.00       4.66     272.00       2.57     192.00       5.20     232.00       4.09     78.82256 
4     160.00       4.71     280.00       2.14     200.00       4.95     240.00       3.92     78.46216 
4       0.00       8.97     144.00       4.74      48.00       7.18      96.00       5.54    108.23174 
4       8.00       8.27     152.00       4.66      56.00       6.83     104.00       5.30     97.30442 
4      16.00       7.58     160.00       4.71      64.00       6.49     112.00       5.16     88.91833 
4      24.00       7.61     168.00       4.91      72.00       6.20     120.00       5.09     86.83251 
4      32.00       7.74     176.00       5.13      80.00       6.03     128.00       4.96     84.29250 
4      40.00       7.46     184.00       5.28      88.00       5.75     136.00       4.85     84.84834 
4      48.00       7.18     192.00       5.20      96.00       5.54     144.00       4.74     84.37664 
4      56.00       6.83     200.00       4.95     104.00       5.30     152.00       4.66     90.80209 
4      64.00       6.49     208.00       4.73     112.00       5.16     160.00       4.71     95.90685 
4      72.00       6.20     216.00       4.49     120.00       5.09     168.00       4.91     91.47101 
4      80.00       6.03     224.00       4.30     128.00       4.96     176.00       5.13     87.82114 
4      88.00       5.75     232.00       4.09     136.00       4.85     184.00       5.28     82.87653 
4      96.00       5.54     240.00       3.92     144.00       4.74     192.00       5.20     79.17296 
4     112.00       5.16     256.00       3.33     160.00       4.71     208.00       4.73     76.19322 
4     120.00       5.09     264.00       2.96     168.00       4.91     216.00       4.49     65.18689 
4     128.00       4.96     272.00       2.57     176.00       5.13     224.00       4.30     81.56248 
4     136.00       4.85     280.00       2.14     184.00       5.28     232.00       4.09     84.76630 
4       8.00       8.27     176.00       5.13      64.00       6.49     120.00       5.09     96.28112 
4      16.00       7.58     184.00       5.28      72.00       6.20     128.00       4.96     99.05939 
4      24.00       7.61     192.00       5.20      80.00       6.03     136.00       4.85     96.47148 
4      32.00       7.74     200.00       4.95      88.00       5.75     144.00       4.74     93.83676 
4      40.00       7.46     208.00       4.73      96.00       5.54     152.00       4.66     94.77305 
4      48.00       7.18     216.00       4.49     104.00       5.30     160.00       4.71     97.50523 
4      56.00       6.83     224.00       4.30     112.00       5.16     168.00       4.91     96.59216 
4      64.00       6.49     232.00       4.09     120.00       5.09     176.00       5.13     94.31986 
4      72.00       6.20     240.00       3.92     128.00       4.96     184.00       5.28     90.17497 
4      88.00       5.75     256.00       3.33     144.00       4.74     200.00       4.95     84.22540 
4      96.00       5.54     264.00       2.96     152.00       4.66     208.00       4.73     79.66214 
4     104.00       5.30     272.00       2.57     160.00       4.71     216.00       4.49     84.95726 
4     112.00       5.16     280.00       2.14     168.00       4.91     224.00       4.30     87.03850 
4       0.00       8.97     192.00       5.20      64.00       6.49     128.00       4.96    115.82695 
4       8.00       8.27     200.00       4.95      72.00       6.20     136.00       4.85    105.17348 
4      16.00       7.58     208.00       4.73      80.00       6.03     144.00       4.74    103.19704 
4      24.00       7.61     216.00       4.49      88.00       5.75     152.00       4.66    101.72810 
4      32.00       7.74     224.00       4.30      96.00       5.54     160.00       4.71     99.44402 
4      40.00       7.46     232.00       4.09     104.00       5.30     168.00       4.91     97.21425 
4      48.00       7.18     240.00       3.92     112.00       5.16     176.00       5.13     96.27891 
4      56.00       6.83     248.00       3.66     120.00       5.09     184.00       5.28     92.94811 
4      64.00       6.49     256.00       3.33     128.00       4.96     192.00       5.20     90.90412 
4      72.00       6.20     264.00       2.96     136.00       4.85     200.00       4.95     92.48407 
4      80.00       6.03     272.00       2.57     144.00       4.74     208.00       4.73     91.94120 
4      88.00       5.75     280.00       2.14     152.00       4.66     216.00       4.49     93.14556 
4       0.00       8.97     216.00       4.49      72.00       6.20     144.00       4.74    108.43546 
4       8.00       8.27     224.00       4.30      80.00       6.03     152.00       4.66    105.44064 
4      16.00       7.58     232.00       4.09      88.00       5.75     160.00       4.71    106.42776 
4      24.00       7.61     240.00       3.92      96.00       5.54     168.00       4.91    100.16216 
4      32.00       7.74     248.00       3.66     104.00       5.30     176.00       5.13     97.08727 
4      40.00       7.46     256.00       3.33     112.00       5.16     184.00       5.28     93.79162 
4      48.00       7.18     264.00       2.96     120.00       5.09     192.00       5.20     77.27172 
4      56.00       6.83     272.00       2.57     128.00       4.96     200.00       4.95     94.11236 
4      64.00       6.49     280.00       2.14     136.00       4.85     208.00       4.73     99.04567 
4       0.00       8.97     240.00       3.92      80.00       6.03     160.00       4.71    108.65638 
4       8.00       8.27     248.00       3.66      88.00       5.75     168.00       4.91    103.03569 
4      16.00       7.58     256.00       3.33      96.00       5.54     176.00       5.13     99.99312 
4      24.00       7.61     264.00       2.96     104.00       5.30     184.00       5.28     81.41550 
4      32.00       7.74     272.00       2.57     112.00       5.16     192.00       5.20     95.03393 
4      40.00       7.46     280.00       2.14     120.00       5.09     200.00       4.95     96.36446 
4       0.00       8.97     264.00       2.96      88.00       5.75     176.00       5.13     95.11833 
4       8.00       8.27     272.00       2.57      96.00       5.54     184.00       5.28     97.73309 
4      16.00       7.58     280.00       2.14     104.00       5.30     192.00       5.20    100.34619 
Topography in separate list
2
61
0,8.968
0.166,8.968
12.823,7.843
19.035,7.329
28.262,7.843
32.821,7.712
37.191,7.554
38.799,7.475
41.41,7.447
45.802,7.274
61.552,6.584
68.445,6.314
73.168,6.163
74.351,6.175
76.654,6.077
78.508,6.038
80.944,6.017
85.665,5.819
87.9,5.757
90.505,5.69
97.087,5.509
99.052,5.404
102.504,5.325
112.346,5.15
122.014,5.072
125.788,4.99
128.921,4.946
142.523,4.758
152.128,4.656
154.242,4.609
163.474,4.769
165.43,4.83
172.526,5.04
179.892,5.231
180.649,5.231
181.548,5.269
184.761,5.289
185.459,5.235
186.893,5.262
188.569,5.311
190.286,5.243
192.505,5.188
203.777,4.837
206.563,4.796
212.116,4.559
215.958,4.489
217.745,4.523
219.579,4.419
220.624,4.377
223.063,4.343
225.118,4.252
227.607,4.212
231.07,4.121
234.625,4.021
237.783,3.95
239.203,3.937
240.445,3.906
250.069,3.599
269.967,2.681
277.391,2.279
279.327,2.136
1
0
0
0
0
0
0
0
