CiudadColon DipoleDipole 4X21_4
1.50
11
3
Type of measurement (0=app.resistivity,1=resistance)
1
1149
2
0
4 9.00 0.00 6.00 0.00 0.00 0.00 3.00 0.00 0.829062
4 12.00 0.00 9.00 0.00 0.00 0.00 3.00 0.00 0.209764
4 12.00 0.00 9.00 0.00 3.00 0.00 6.00 0.00 1.18121
4 15.00 0.00 12.00 0.00 0.00 0.00 3.00 0.00 0.0827514
4 18.00 0.00 15.00 0.00 0.00 0.00 3.00 0.00 0.0363532
4 15.00 0.00 12.00 0.00 3.00 0.00 6.00 0.00 0.255675
4 18.00 0.00 12.00 0.00 0.00 0.00 6.00 0.00 0.468471
4 18.00 0.00 15.00 0.00 3.00 0.00 6.00 0.00 0.0904919
4 15.00 0.00 12.00 0.00 6.00 0.00 9.00 0.00 1.6213
4 21.00 0.00 18.00 0.00 0.00 0.00 3.00 0.00 0.0212672
4 21.00 0.00 15.00 0.00 3.00 0.00 9.00 0.00 0.444429
4 21.00 0.00 18.00 0.00 3.00 0.00 6.00 0.00 0.0472908
4 24.00 0.00 18.00 0.00 0.00 0.00 6.00 0.00 0.109915
4 24.00 0.00 21.00 0.00 0.00 0.00 3.00 0.00 0.0130033
4 18.00 0.00 15.00 0.00 6.00 0.00 9.00 0.00 0.213958
4 21.00 0.00 18.00 0.00 6.00 0.00 9.00 0.00 0.0912017
4 24.00 0.00 21.00 0.00 3.00 0.00 6.00 0.00 0.026252
4 18.00 0.00 15.00 0.00 9.00 0.00 12.00 0.00 1.0758
4 27.00 0.00 18.00 0.00 0.00 0.00 9.00 0.00 0.291273
4 27.00 0.00 24.00 0.00 0.00 0.00 3.00 0.00 0.00713977
4 24.00 0.00 21.00 0.00 6.00 0.00 9.00 0.00 0.0436977
4 27.00 0.00 21.00 0.00 3.00 0.00 9.00 0.00 0.107953
4 27.00 0.00 24.00 0.00 3.00 0.00 6.00 0.00 0.0138896
4 21.00 0.00 18.00 0.00 9.00 0.00 12.00 0.00 0.229723
4 30.00 0.00 24.00 0.00 0.00 0.00 6.00 0.00 0.0367627
4 30.00 0.00 27.00 0.00 0.00 0.00 3.00 0.00 0.00426148
4 24.00 0.00 18.00 0.00 6.00 0.00 12.00 0.00 0.449579
4 30.00 0.00 21.00 0.00 3.00 0.00 12.00 0.00 0.271091
4 21.00 0.00 18.00 0.00 12.00 0.00 15.00 0.00 1.43133
4 27.00 0.00 24.00 0.00 6.00 0.00 9.00 0.00 0.0216797
4 30.00 0.00 27.00 0.00 3.00 0.00 6.00 0.00 0.00794352
4 24.00 0.00 21.00 0.00 9.00 0.00 12.00 0.00 0.0833023
4 33.00 0.00 30.00 0.00 3.00 0.00 6.00 0.00 0.00476073
4 36.00 0.00 27.00 0.00 0.00 0.00 9.00 0.00 0.0585031
4 27.00 0.00 24.00 0.00 9.00 0.00 12.00 0.00 0.0358739
4 24.00 0.00 21.00 0.00 12.00 0.00 15.00 0.00 0.229606
4 30.00 0.00 24.00 0.00 6.00 0.00 12.00 0.00 0.0913386
4 36.00 0.00 30.00 0.00 0.00 0.00 6.00 0.00 0.0160204
4 30.00 0.00 27.00 0.00 6.00 0.00 9.00 0.00 0.0128428
4 33.00 0.00 27.00 0.00 3.00 0.00 9.00 0.00 0.0361559
4 27.00 0.00 21.00 0.00 9.00 0.00 15.00 0.00 0.423416
4 36.00 0.00 24.00 0.00 0.00 0.00 12.00 0.00 0.180849
4 33.00 0.00 24.00 0.00 6.00 0.00 15.00 0.00 0.236166
4 27.00 0.00 24.00 0.00 12.00 0.00 15.00 0.00 0.0717901
4 30.00 0.00 27.00 0.00 9.00 0.00 12.00 0.00 0.0185812
4 33.00 0.00 30.00 0.00 6.00 0.00 9.00 0.00 0.00553319
4 24.00 0.00 21.00 0.00 15.00 0.00 18.00 0.00 1.25522
4 30.00 0.00 27.00 0.00 12.00 0.00 15.00 0.00 0.0317475
4 39.00 0.00 33.00 0.00 3.00 0.00 9.00 0.00 0.0170639
4 30.00 0.00 24.00 0.00 12.00 0.00 18.00 0.00 0.347269
4 39.00 0.00 27.00 0.00 3.00 0.00 15.00 0.00 0.172286
4 33.00 0.00 30.00 0.00 9.00 0.00 12.00 0.00 0.0107648
4 33.00 0.00 27.00 0.00 9.00 0.00 15.00 0.00 0.0827627
4 42.00 0.00 36.00 0.00 0.00 0.00 6.00 0.00 0.0088966
4 36.00 0.00 30.00 0.00 6.00 0.00 12.00 0.00 0.0315017
4 36.00 0.00 33.00 0.00 6.00 0.00 9.00 0.00 0.00384246
4 27.00 0.00 24.00 0.00 15.00 0.00 18.00 0.00 0.180552
4 39.00 0.00 30.00 0.00 3.00 0.00 12.00 0.00 0.0576193
4 33.00 0.00 30.00 0.00 12.00 0.00 15.00 0.00 0.0172138
4 45.00 0.00 36.00 0.00 0.00 0.00 9.00 0.00 0.0231467
4 30.00 0.00 27.00 0.00 15.00 0.00 18.00 0.00 0.0600263
4 27.00 0.00 24.00 0.00 18.00 0.00 21.00 0.00 0.933002
4 36.00 0.00 27.00 0.00 9.00 0.00 18.00 0.00 0.211289
4 36.00 0.00 33.00 0.00 9.00 0.00 12.00 0.00 0.00682
4 45.00 0.00 30.00 0.00 0.00 0.00 15.00 0.00 0.136086
4 42.00 0.00 33.00 0.00 6.00 0.00 15.00 0.00 0.0554571
4 48.00 0.00 42.00 0.00 0.00 0.00 6.00 0.00 0.00518006
4 33.00 0.00 27.00 0.00 15.00 0.00 21.00 0.00 0.318067
4 42.00 0.00 30.00 0.00 6.00 0.00 18.00 0.00 0.162034
4 42.00 0.00 36.00 0.00 6.00 0.00 12.00 0.00 0.0173671
4 36.00 0.00 33.00 0.00 12.00 0.00 15.00 0.00 0.00996553
4 30.00 0.00 27.00 0.00 18.00 0.00 21.00 0.00 0.163521
4 36.00 0.00 30.00 0.00 12.00 0.00 18.00 0.00 0.0770424
4 45.00 0.00 39.00 0.00 3.00 0.00 9.00 0.00 0.00963488
4 48.00 0.00 36.00 0.00 0.00 0.00 12.00 0.00 0.0422596
4 39.00 0.00 33.00 0.00 9.00 0.00 15.00 0.00 0.0317959
4 33.00 0.00 30.00 0.00 15.00 0.00 18.00 0.00 0.0286107
4 39.00 0.00 36.00 0.00 9.00 0.00 12.00 0.00 0.00529096
4 30.00 0.00 27.00 0.00 21.00 0.00 24.00 0.00 0.875958
4 39.00 0.00 36.00 0.00 12.00 0.00 15.00 0.00 0.00720684
4 39.00 0.00 30.00 0.00 12.00 0.00 21.00 0.00 0.213165
4 48.00 0.00 39.00 0.00 3.00 0.00 12.00 0.00 0.0217795
4 48.00 0.00 33.00 0.00 3.00 0.00 18.00 0.00 0.131829
4 33.00 0.00 30.00 0.00 18.00 0.00 21.00 0.00 0.0619266
4 36.00 0.00 33.00 0.00 15.00 0.00 18.00 0.00 0.0157705
4 42.00 0.00 39.00 0.00 12.00 0.00 15.00 0.00 0.00490744
4 54.00 0.00 45.00 0.00 0.00 0.00 9.00 0.00 0.0102398
4 36.00 0.00 30.00 0.00 18.00 0.00 24.00 0.00 0.364468
4 42.00 0.00 36.00 0.00 12.00 0.00 18.00 0.00 0.0325095
4 48.00 0.00 42.00 0.00 6.00 0.00 12.00 0.00 0.00810436
4 33.00 0.00 30.00 0.00 21.00 0.00 24.00 0.00 0.189842
4 39.00 0.00 33.00 0.00 15.00 0.00 21.00 0.00 0.0811675
4 51.00 0.00 39.00 0.00 3.00 0.00 15.00 0.00 0.0417451
4 54.00 0.00 48.00 0.00 0.00 0.00 6.00 0.00 0.00371099
4 36.00 0.00 33.00 0.00 18.00 0.00 21.00 0.00 0.0304033
4 45.00 0.00 39.00 0.00 9.00 0.00 15.00 0.00 0.0168539
4 39.00 0.00 36.00 0.00 15.00 0.00 18.00 0.00 0.0108135
4 45.00 0.00 36.00 0.00 9.00 0.00 18.00 0.00 0.0554109
4 45.00 0.00 33.00 0.00 9.00 0.00 21.00 0.00 0.165666
4 51.00 0.00 45.00 0.00 3.00 0.00 9.00 0.00 0.00566393
4 51.00 0.00 42.00 0.00 6.00 0.00 15.00 0.00 0.0206717
4 33.00 0.00 30.00 0.00 24.00 0.00 27.00 0.00 0.76509
4 51.00 0.00 36.00 0.00 6.00 0.00 21.00 0.00 0.135001
4 36.00 0.00 33.00 0.00 21.00 0.00 24.00 0.00 0.0765226
4 39.00 0.00 36.00 0.00 18.00 0.00 21.00 0.00 0.0191715
4 42.00 0.00 33.00 0.00 15.00 0.00 24.00 0.00 0.245413
4 42.00 0.00 39.00 0.00 15.00 0.00 18.00 0.00 0.00691318
4 45.00 0.00 39.00 0.00 15.00 0.00 21.00 0.00 0.033441
4 36.00 0.00 33.00 0.00 24.00 0.00 27.00 0.00 0.176729
4 42.00 0.00 36.00 0.00 18.00 0.00 24.00 0.00 0.0994981
4 54.00 0.00 48.00 0.00 6.00 0.00 12.00 0.00 0.00558021
4 54.00 0.00 42.00 0.00 6.00 0.00 18.00 0.00 0.0387171
4 57.00 0.00 48.00 0.00 3.00 0.00 12.00 0.00 0.0107984
4 39.00 0.00 36.00 0.00 21.00 0.00 24.00 0.00 0.042412
4 48.00 0.00 42.00 0.00 12.00 0.00 18.00 0.00 0.014399
4 60.00 0.00 48.00 0.00 0.00 0.00 12.00 0.00 0.0166002
4 45.00 0.00 42.00 0.00 15.00 0.00 18.00 0.00 0.00424659
4 42.00 0.00 39.00 0.00 18.00 0.00 21.00 0.00 0.0116233
4 57.00 0.00 51.00 0.00 3.00 0.00 9.00 0.00 0.00341479
4 48.00 0.00 39.00 0.00 12.00 0.00 21.00 0.00 0.0544081
4 48.00 0.00 36.00 0.00 12.00 0.00 24.00 0.00 0.186314
4 60.00 0.00 54.00 0.00 0.00 0.00 6.00 0.00 0.002454
4 51.00 0.00 45.00 0.00 9.00 0.00 15.00 0.00 0.00847603
4 39.00 0.00 33.00 0.00 21.00 0.00 27.00 0.00 0.379568
4 60.00 0.00 45.00 0.00 0.00 0.00 15.00 0.00 0.0315379
4 39.00 0.00 36.00 0.00 24.00 0.00 27.00 0.00 0.0794974
4 45.00 0.00 36.00 0.00 18.00 0.00 27.00 0.00 0.269039
4 45.00 0.00 42.00 0.00 18.00 0.00 21.00 0.00 0.00711271
4 42.00 0.00 39.00 0.00 21.00 0.00 24.00 0.00 0.0240673
4 36.00 0.00 33.00 0.00 27.00 0.00 30.00 0.00 0.827304
4 54.00 0.00 45.00 0.00 9.00 0.00 18.00 0.00 0.0200567
4 63.00 0.00 54.00 0.00 0.00 0.00 9.00 0.00 0.00547171
4 54.00 0.00 39.00 0.00 9.00 0.00 24.00 0.00 0.144803
4 34.50 0.00 33.00 0.00 30.00 0.00 31.50 0.00 4.08694
4 42.00 0.00 36.00 0.00 24.00 0.00 30.00 0.00 0.401596
4 51.00 0.00 45.00 0.00 15.00 0.00 21.00 0.00 0.0152779
4 60.00 0.00 51.00 0.00 6.00 0.00 15.00 0.00 0.010045
4 60.00 0.00 54.00 0.00 6.00 0.00 12.00 0.00 0.0036061
4 63.00 0.00 51.00 0.00 3.00 0.00 15.00 0.00 0.0147107
4 54.00 0.00 48.00 0.00 12.00 0.00 18.00 0.00 0.00869139
4 39.00 0.00 36.00 0.00 27.00 0.00 30.00 0.00 0.197317
4 45.00 0.00 39.00 0.00 21.00 0.00 27.00 0.00 0.104475
4 51.00 0.00 42.00 0.00 15.00 0.00 24.00 0.00 0.0611948
4 63.00 0.00 48.00 0.00 3.00 0.00 18.00 0.00 0.0308036
4 48.00 0.00 45.00 0.00 18.00 0.00 21.00 0.00 0.00448614
4 48.00 0.00 42.00 0.00 18.00 0.00 24.00 0.00 0.0364933
4 57.00 0.00 51.00 0.00 9.00 0.00 15.00 0.00 0.00475588
4 63.00 0.00 57.00 0.00 3.00 0.00 9.00 0.00 0.00208063
4 51.00 0.00 39.00 0.00 15.00 0.00 27.00 0.00 0.193245
4 45.00 0.00 42.00 0.00 21.00 0.00 24.00 0.00 0.0150338
4 42.00 0.00 39.00 0.00 24.00 0.00 27.00 0.00 0.040247
4 57.00 0.00 45.00 0.00 9.00 0.00 21.00 0.00 0.0379229
4 36.00 0.00 34.50 0.00 30.00 0.00 31.50 0.00 0.439314
4 36.00 0.00 34.50 0.00 31.50 0.00 33.00 0.00 3.53339
4 37.50 0.00 36.00 0.00 30.00 0.00 31.50 0.00 0.164037
4 48.00 0.00 45.00 0.00 21.00 0.00 24.00 0.00 0.00840696
4 37.50 0.00 36.00 0.00 31.50 0.00 33.00 0.00 0.490936
4 42.00 0.00 39.00 0.00 27.00 0.00 30.00 0.00 0.0820957
4 57.00 0.00 48.00 0.00 12.00 0.00 21.00 0.00 0.0207972
4 48.00 0.00 39.00 0.00 21.00 0.00 30.00 0.00 0.271877
4 39.00 0.00 36.00 0.00 30.00 0.00 33.00 0.00 0.944377
4 57.00 0.00 42.00 0.00 12.00 0.00 27.00 0.00 0.146307
4 66.00 0.00 57.00 0.00 3.00 0.00 12.00 0.00 0.00547709
4 45.00 0.00 42.00 0.00 24.00 0.00 27.00 0.00 0.0228496
4 39.00 0.00 37.50 0.00 30.00 0.00 31.50 0.00 0.0827412
4 39.00 0.00 37.50 0.00 31.50 0.00 33.00 0.00 0.16351
4 37.50 0.00 36.00 0.00 33.00 0.00 34.50 0.00 3.87912
4 40.50 0.00 39.00 0.00 30.00 0.00 31.50 0.00 0.0469857
4 48.00 0.00 45.00 0.00 24.00 0.00 27.00 0.00 0.0120577
4 45.00 0.00 42.00 0.00 27.00 0.00 30.00 0.00 0.042608
4 40.50 0.00 39.00 0.00 31.50 0.00 33.00 0.00 0.0795054
4 51.00 0.00 48.00 0.00 21.00 0.00 24.00 0.00 0.00732021
4 54.00 0.00 42.00 0.00 18.00 0.00 30.00 0.00 0.200117
4 57.00 0.00 51.00 0.00 15.00 0.00 21.00 0.00 0.0078631
4 66.00 0.00 54.00 0.00 6.00 0.00 18.00 0.00 0.0138679
4 66.00 0.00 51.00 0.00 6.00 0.00 21.00 0.00 0.0290091
4 72.00 0.00 60.00 0.00 0.00 0.00 12.00 0.00 0.00548639
4 60.00 0.00 54.00 0.00 12.00 0.00 18.00 0.00 0.00463557
4 54.00 0.00 45.00 0.00 18.00 0.00 27.00 0.00 0.062756
4 45.00 0.00 39.00 0.00 27.00 0.00 33.00 0.00 0.426168
4 72.00 0.00 63.00 0.00 0.00 0.00 9.00 0.00 0.00293933
4 39.00 0.00 37.50 0.00 33.00 0.00 34.50 0.00 0.492931
4 42.00 0.00 39.00 0.00 30.00 0.00 33.00 0.00 0.209536
4 60.00 0.00 48.00 0.00 12.00 0.00 24.00 0.00 0.0435071
4 63.00 0.00 57.00 0.00 9.00 0.00 15.00 0.00 0.00289071
4 66.00 0.00 60.00 0.00 6.00 0.00 12.00 0.00 0.000890917
4 51.00 0.00 45.00 0.00 21.00 0.00 27.00 0.00 0.0388115
4 48.00 0.00 42.00 0.00 24.00 0.00 30.00 0.00 0.0994987
4 63.00 0.00 54.00 0.00 9.00 0.00 18.00 0.00 0.00882412
4 54.00 0.00 48.00 0.00 18.00 0.00 24.00 0.00 0.0195648
4 42.00 0.00 40.50 0.00 30.00 0.00 31.50 0.00 0.0314528
4 39.00 0.00 37.50 0.00 34.50 0.00 36.00 0.00 3.40598
4 42.00 0.00 40.50 0.00 31.50 0.00 33.00 0.00 0.0487703
4 40.50 0.00 39.00 0.00 33.00 0.00 34.50 0.00 0.16672
4 43.50 0.00 42.00 0.00 30.00 0.00 31.50 0.00 0.0188652
4 40.50 0.00 39.00 0.00 34.50 0.00 36.00 0.00 0.483186
4 60.00 0.00 45.00 0.00 15.00 0.00 30.00 0.00 0.148062
4 43.50 0.00 42.00 0.00 31.50 0.00 33.00 0.00 0.0281107
4 51.00 0.00 42.00 0.00 24.00 0.00 33.00 0.00 0.280893
4 60.00 0.00 51.00 0.00 15.00 0.00 24.00 0.00 0.0217483
4 45.00 0.00 42.00 0.00 30.00 0.00 33.00 0.00 0.087623
4 42.00 0.00 39.00 0.00 33.00 0.00 36.00 0.00 0.962073
4 48.00 0.00 45.00 0.00 27.00 0.00 30.00 0.00 0.0204384
4 45.00 0.00 43.50 0.00 30.00 0.00 31.50 0.00 0.0154411
4 42.00 0.00 40.50 0.00 33.00 0.00 34.50 0.00 0.087552
4 75.00 0.00 60.00 0.00 0.00 0.00 15.00 0.00 0.0091942
4 51.00 0.00 48.00 0.00 24.00 0.00 27.00 0.00 0.0100772
4 69.00 0.00 60.00 0.00 6.00 0.00 15.00 0.00 0.00399248
4 40.50 0.00 39.00 0.00 36.00 0.00 37.50 0.00 3.52731
4 43.50 0.00 42.00 0.00 33.00 0.00 34.50 0.00 0.0479808
4 45.00 0.00 43.50 0.00 31.50 0.00 33.00 0.00 0.0215938
4 42.00 0.00 40.50 0.00 34.50 0.00 36.00 0.00 0.176392
4 54.00 0.00 48.00 0.00 24.00 0.00 30.00 0.00 0.042606
4 57.00 0.00 45.00 0.00 21.00 0.00 33.00 0.00 0.199465
4 51.00 0.00 48.00 0.00 27.00 0.00 30.00 0.00 0.0160537
4 45.00 0.00 43.50 0.00 33.00 0.00 34.50 0.00 0.0341083
4 75.00 0.00 66.00 0.00 3.00 0.00 12.00 0.00 0.00228386
4 42.00 0.00 40.50 0.00 36.00 0.00 37.50 0.00 0.5752
4 46.50 0.00 45.00 0.00 31.50 0.00 33.00 0.00 0.0119383
4 75.00 0.00 63.00 0.00 3.00 0.00 15.00 0.00 0.00626838
4 66.00 0.00 60.00 0.00 12.00 0.00 18.00 0.00 0.00239799
4 66.00 0.00 57.00 0.00 12.00 0.00 21.00 0.00 0.00901733
4 60.00 0.00 54.00 0.00 18.00 0.00 24.00 0.00 0.00924542
4 57.00 0.00 51.00 0.00 21.00 0.00 27.00 0.00 0.0181671
4 48.00 0.00 45.00 0.00 30.00 0.00 33.00 0.00 0.0380741
4 63.00 0.00 57.00 0.00 15.00 0.00 21.00 0.00 0.00471477
4 69.00 0.00 63.00 0.00 9.00 0.00 15.00 0.00 0.00188219
4 48.00 0.00 42.00 0.00 30.00 0.00 36.00 0.00 0.42873
4 51.00 0.00 45.00 0.00 27.00 0.00 33.00 0.00 0.102908
4 57.00 0.00 48.00 0.00 21.00 0.00 30.00 0.00 0.0681314
4 63.00 0.00 51.00 0.00 15.00 0.00 27.00 0.00 0.0419224
4 43.50 0.00 42.00 0.00 34.50 0.00 36.00 0.00 0.0829355
4 54.00 0.00 51.00 0.00 24.00 0.00 27.00 0.00 0.00603449
4 69.00 0.00 57.00 0.00 9.00 0.00 21.00 0.00 0.0140028
4 69.00 0.00 54.00 0.00 9.00 0.00 24.00 0.00 0.0300435
4 45.00 0.00 42.00 0.00 33.00 0.00 36.00 0.00 0.222045
4 43.50 0.00 42.00 0.00 36.00 0.00 37.50 0.00 0.192737
4 45.00 0.00 43.50 0.00 34.50 0.00 36.00 0.00 0.053834
4 42.00 0.00 40.50 0.00 37.50 0.00 39.00 0.00 3.57096
4 46.50 0.00 45.00 0.00 33.00 0.00 34.50 0.00 0.0177603
4 46.50 0.00 45.00 0.00 34.50 0.00 36.00 0.00 0.026954
4 54.00 0.00 45.00 0.00 27.00 0.00 36.00 0.00 0.279658
4 54.00 0.00 51.00 0.00 27.00 0.00 30.00 0.00 0.00911795
4 48.00 0.00 45.00 0.00 33.00 0.00 36.00 0.00 0.0775787
4 78.00 0.00 63.00 0.00 3.00 0.00 18.00 0.00 0.00987083
4 43.50 0.00 42.00 0.00 37.50 0.00 39.00 0.00 0.551436
4 63.00 0.00 48.00 0.00 18.00 0.00 33.00 0.00 0.160003
4 48.00 0.00 46.50 0.00 33.00 0.00 34.50 0.00 0.0129434
4 51.00 0.00 48.00 0.00 30.00 0.00 33.00 0.00 0.0272516
4 45.00 0.00 42.00 0.00 36.00 0.00 39.00 0.00 1.10835
4 72.00 0.00 63.00 0.00 9.00 0.00 18.00 0.00 0.00432284
4 81.00 0.00 72.00 0.00 0.00 0.00 9.00 0.00 0.00159685
4 63.00 0.00 54.00 0.00 18.00 0.00 27.00 0.00 0.0218809
4 45.00 0.00 43.50 0.00 36.00 0.00 37.50 0.00 0.106669
4 48.00 0.00 46.50 0.00 34.50 0.00 36.00 0.00 0.0183814
4 46.50 0.00 45.00 0.00 36.00 0.00 37.50 0.00 0.049264
4 45.00 0.00 43.50 0.00 37.50 0.00 39.00 0.00 0.219694
4 43.50 0.00 42.00 0.00 39.00 0.00 40.50 0.00 3.17176
4 78.00 0.00 69.00 0.00 6.00 0.00 15.00 0.00 0.00172718
4 60.00 0.00 51.00 0.00 24.00 0.00 33.00 0.00 0.064041
4 57.00 0.00 54.00 0.00 27.00 0.00 30.00 0.00 0.00552973
4 63.00 0.00 57.00 0.00 21.00 0.00 27.00 0.00 0.00966604
4 48.00 0.00 46.50 0.00 36.00 0.00 37.50 0.00 0.0318806
4 51.00 0.00 48.00 0.00 33.00 0.00 36.00 0.00 0.0500588
4 72.00 0.00 66.00 0.00 12.00 0.00 18.00 0.00 0.001497
4 54.00 0.00 51.00 0.00 30.00 0.00 33.00 0.00 0.0143575
4 60.00 0.00 48.00 0.00 24.00 0.00 36.00 0.00 0.216102
4 69.00 0.00 60.00 0.00 15.00 0.00 24.00 0.00 0.00874452
4 60.00 0.00 54.00 0.00 24.00 0.00 30.00 0.00 0.0175393
4 72.00 0.00 60.00 0.00 12.00 0.00 24.00 0.00 0.0129198
4 57.00 0.00 51.00 0.00 27.00 0.00 33.00 0.00 0.0382419
4 72.00 0.00 57.00 0.00 12.00 0.00 27.00 0.00 0.0302162
4 45.00 0.00 43.50 0.00 39.00 0.00 40.50 0.00 0.564819
4 51.00 0.00 45.00 0.00 33.00 0.00 39.00 0.00 0.473402
4 46.50 0.00 45.00 0.00 37.50 0.00 39.00 0.00 0.0894691
4 49.50 0.00 48.00 0.00 34.50 0.00 36.00 0.00 0.0169882
4 66.00 0.00 60.00 0.00 18.00 0.00 24.00 0.00 0.00470437
4 66.00 0.00 54.00 0.00 18.00 0.00 30.00 0.00 0.0423535
4 69.00 0.00 63.00 0.00 15.00 0.00 21.00 0.00 0.00293573
4 48.00 0.00 45.00 0.00 36.00 0.00 39.00 0.00 0.225343
4 84.00 0.00 72.00 0.00 0.00 0.00 12.00 0.00 0.00328198
4 54.00 0.00 48.00 0.00 30.00 0.00 36.00 0.00 0.116655
4 78.00 0.00 66.00 0.00 6.00 0.00 18.00 0.00 0.00520328
4 45.00 0.00 43.50 0.00 40.50 0.00 42.00 0.00 3.5422
4 49.50 0.00 48.00 0.00 36.00 0.00 37.50 0.00 0.0279695
4 48.00 0.00 46.50 0.00 37.50 0.00 39.00 0.00 0.0531078
4 46.50 0.00 45.00 0.00 39.00 0.00 40.50 0.00 0.172416
4 84.00 0.00 75.00 0.00 3.00 0.00 12.00 0.00 0.00174859
4 54.00 0.00 51.00 0.00 33.00 0.00 36.00 0.00 0.0240775
4 66.00 0.00 51.00 0.00 21.00 0.00 36.00 0.00 0.15188
4 66.00 0.00 57.00 0.00 21.00 0.00 30.00 0.00 0.0232243
4 51.00 0.00 49.50 0.00 36.00 0.00 37.50 0.00 0.0173459
4 81.00 0.00 66.00 0.00 6.00 0.00 21.00 0.00 0.00903612
4 57.00 0.00 48.00 0.00 30.00 0.00 39.00 0.00 0.329894
4 57.00 0.00 54.00 0.00 30.00 0.00 33.00 0.00 0.00797297
4 46.50 0.00 45.00 0.00 40.50 0.00 42.00 0.00 0.517106
4 49.50 0.00 48.00 0.00 37.50 0.00 39.00 0.00 0.0444686
4 75.00 0.00 66.00 0.00 12.00 0.00 21.00 0.00 0.00348674
4 48.00 0.00 45.00 0.00 39.00 0.00 42.00 0.00 0.983909
4 48.00 0.00 46.50 0.00 39.00 0.00 40.50 0.00 0.0887761
4 51.00 0.00 48.00 0.00 36.00 0.00 39.00 0.00 0.117867
4 48.00 0.00 46.50 0.00 40.50 0.00 42.00 0.00 0.202201
4 51.00 0.00 49.50 0.00 37.50 0.00 39.00 0.00 0.0263279
4 46.50 0.00 45.00 0.00 42.00 0.00 43.50 0.00 2.24672
4 49.50 0.00 48.00 0.00 39.00 0.00 40.50 0.00 0.0685306
4 60.00 0.00 57.00 0.00 30.00 0.00 33.00 0.00 0.00671342
4 57.00 0.00 54.00 0.00 33.00 0.00 36.00 0.00 0.0126702
4 63.00 0.00 51.00 0.00 27.00 0.00 39.00 0.00 0.209022
4 63.00 0.00 57.00 0.00 27.00 0.00 33.00 0.00 0.0179421
4 87.00 0.00 75.00 0.00 3.00 0.00 15.00 0.00 0.00353409
4 69.00 0.00 63.00 0.00 21.00 0.00 27.00 0.00 0.00564702
4 54.00 0.00 48.00 0.00 36.00 0.00 42.00 0.00 0.594032
4 49.50 0.00 48.00 0.00 40.50 0.00 42.00 0.00 0.137808
4 90.00 0.00 81.00 0.00 0.00 0.00 9.00 0.00 0.000933111
4 52.50 0.00 51.00 0.00 37.50 0.00 39.00 0.00 0.0156673
4 75.00 0.00 63.00 0.00 15.00 0.00 27.00 0.00 0.0135592
4 75.00 0.00 69.00 0.00 15.00 0.00 21.00 0.00 0.0011374
4 69.00 0.00 57.00 0.00 21.00 0.00 33.00 0.00 0.0443882
4 72.00 0.00 66.00 0.00 18.00 0.00 24.00 0.00 0.00269104
4 60.00 0.00 54.00 0.00 30.00 0.00 36.00 0.00 0.0381508
4 48.00 0.00 46.50 0.00 42.00 0.00 43.50 0.00 0.482512
4 51.00 0.00 48.00 0.00 39.00 0.00 42.00 0.00 0.31843
4 57.00 0.00 51.00 0.00 33.00 0.00 39.00 0.00 0.110645
4 81.00 0.00 72.00 0.00 9.00 0.00 18.00 0.00 0.00233927
4 90.00 0.00 75.00 0.00 0.00 0.00 15.00 0.00 0.00509866
4 63.00 0.00 54.00 0.00 27.00 0.00 36.00 0.00 0.0606458
4 75.00 0.00 60.00 0.00 15.00 0.00 30.00 0.00 0.0279385
4 66.00 0.00 60.00 0.00 24.00 0.00 30.00 0.00 0.00847709
4 81.00 0.00 69.00 0.00 9.00 0.00 21.00 0.00 0.0049417
4 51.00 0.00 49.50 0.00 39.00 0.00 40.50 0.00 0.0386535
4 54.00 0.00 51.00 0.00 36.00 0.00 39.00 0.00 0.0496684
4 72.00 0.00 63.00 0.00 18.00 0.00 27.00 0.00 0.00943114
4 51.00 0.00 49.50 0.00 40.50 0.00 42.00 0.00 0.0718468
4 49.50 0.00 48.00 0.00 42.00 0.00 43.50 0.00 0.272432
4 48.00 0.00 46.50 0.00 43.50 0.00 45.00 0.00 2.43705
4 52.50 0.00 51.00 0.00 39.00 0.00 40.50 0.00 0.021649
4 52.50 0.00 51.00 0.00 40.50 0.00 42.00 0.00 0.03751
4 69.00 0.00 60.00 0.00 24.00 0.00 33.00 0.00 0.0209409
4 51.00 0.00 49.50 0.00 42.00 0.00 43.50 0.00 0.129216
4 54.00 0.00 51.00 0.00 39.00 0.00 42.00 0.00 0.104637
4 60.00 0.00 51.00 0.00 33.00 0.00 42.00 0.00 0.313115
4 60.00 0.00 57.00 0.00 33.00 0.00 36.00 0.00 0.00943604
4 57.00 0.00 54.00 0.00 36.00 0.00 39.00 0.00 0.0235806
4 49.50 0.00 48.00 0.00 43.50 0.00 45.00 0.00 0.804894
4 87.00 0.00 78.00 0.00 6.00 0.00 15.00 0.00 0.00171435
4 69.00 0.00 54.00 0.00 24.00 0.00 39.00 0.00 0.15299
4 84.00 0.00 69.00 0.00 9.00 0.00 24.00 0.00 0.00913518
4 54.00 0.00 52.50 0.00 39.00 0.00 40.50 0.00 0.0165542
4 78.00 0.00 69.00 0.00 15.00 0.00 24.00 0.00 0.00336082
4 51.00 0.00 48.00 0.00 42.00 0.00 45.00 0.00 1.52935
4 54.00 0.00 52.50 0.00 40.50 0.00 42.00 0.00 0.0269573
4 49.50 0.00 48.00 0.00 45.00 0.00 46.50 0.00 2.42413
4 52.50 0.00 51.00 0.00 42.00 0.00 43.50 0.00 0.0614532
4 51.00 0.00 49.50 0.00 43.50 0.00 45.00 0.00 0.318998
4 60.00 0.00 54.00 0.00 36.00 0.00 42.00 0.00 0.111211
4 63.00 0.00 60.00 0.00 33.00 0.00 36.00 0.00 0.00436222
4 90.00 0.00 78.00 0.00 6.00 0.00 18.00 0.00 0.00339991
4 63.00 0.00 57.00 0.00 33.00 0.00 39.00 0.00 0.0407576
4 55.50 0.00 54.00 0.00 40.50 0.00 42.00 0.00 0.0140143
4 75.00 0.00 66.00 0.00 21.00 0.00 30.00 0.00 0.00864528
4 84.00 0.00 75.00 0.00 12.00 0.00 21.00 0.00 0.00260373
4 78.00 0.00 72.00 0.00 18.00 0.00 24.00 0.00 0.00176647
4 78.00 0.00 63.00 0.00 18.00 0.00 33.00 0.00 0.02933
4 93.00 0.00 84.00 0.00 3.00 0.00 12.00 0.00 0.000906839
4 66.00 0.00 54.00 0.00 30.00 0.00 42.00 0.00 0.205742
4 60.00 0.00 57.00 0.00 36.00 0.00 39.00 0.00 0.0166184
4 57.00 0.00 54.00 0.00 39.00 0.00 42.00 0.00 0.0429318
4 93.00 0.00 78.00 0.00 3.00 0.00 18.00 0.00 0.00522971
4 51.00 0.00 49.50 0.00 45.00 0.00 46.50 0.00 0.63831
4 52.50 0.00 51.00 0.00 43.50 0.00 45.00 0.00 0.13318
4 69.00 0.00 63.00 0.00 27.00 0.00 33.00 0.00 0.00956307
4 84.00 0.00 72.00 0.00 12.00 0.00 24.00 0.00 0.00586532
4 72.00 0.00 60.00 0.00 24.00 0.00 36.00 0.00 0.0388154
4 72.00 0.00 66.00 0.00 24.00 0.00 30.00 0.00 0.00448303
4 54.00 0.00 52.50 0.00 42.00 0.00 43.50 0.00 0.0422296
4 57.00 0.00 51.00 0.00 39.00 0.00 45.00 0.00 0.575066
4 66.00 0.00 60.00 0.00 30.00 0.00 36.00 0.00 0.0155761
4 66.00 0.00 57.00 0.00 30.00 0.00 39.00 0.00 0.0664759
4 96.00 0.00 84.00 0.00 0.00 0.00 12.00 0.00 0.00188983
4 78.00 0.00 66.00 0.00 18.00 0.00 30.00 0.00 0.0128647
4 75.00 0.00 69.00 0.00 21.00 0.00 27.00 0.00 0.00220652
4 54.00 0.00 51.00 0.00 42.00 0.00 45.00 0.00 0.322246
4 55.50 0.00 54.00 0.00 42.00 0.00 43.50 0.00 0.0204212
4 52.50 0.00 51.00 0.00 45.00 0.00 46.50 0.00 0.221224
4 54.00 0.00 52.50 0.00 43.50 0.00 45.00 0.00 0.0837864
4 51.00 0.00 49.50 0.00 46.50 0.00 48.00 0.00 3.36266
4 63.00 0.00 54.00 0.00 36.00 0.00 45.00 0.00 0.314971
4 60.00 0.00 57.00 0.00 39.00 0.00 42.00 0.00 0.0270606
4 54.00 0.00 51.00 0.00 45.00 0.00 48.00 0.00 1.39657
4 57.00 0.00 55.50 0.00 42.00 0.00 43.50 0.00 0.0154089
4 54.00 0.00 52.50 0.00 45.00 0.00 46.50 0.00 0.123858
4 55.50 0.00 54.00 0.00 43.50 0.00 45.00 0.00 0.0376814
4 72.00 0.00 57.00 0.00 27.00 0.00 42.00 0.00 0.156396
4 87.00 0.00 72.00 0.00 12.00 0.00 27.00 0.00 0.0102556
4 90.00 0.00 81.00 0.00 9.00 0.00 18.00 0.00 0.00134539
4 81.00 0.00 72.00 0.00 18.00 0.00 27.00 0.00 0.00470003
4 63.00 0.00 60.00 0.00 36.00 0.00 39.00 0.00 0.0074456
4 72.00 0.00 63.00 0.00 27.00 0.00 36.00 0.00 0.021314
4 52.50 0.00 51.00 0.00 46.50 0.00 48.00 0.00 0.717748
4 57.00 0.00 54.00 0.00 42.00 0.00 45.00 0.00 0.101568
4 52.50 0.00 51.00 0.00 48.00 0.00 49.50 0.00 3.19942
4 55.50 0.00 54.00 0.00 45.00 0.00 46.50 0.00 0.0500162
4 57.00 0.00 55.50 0.00 43.50 0.00 45.00 0.00 0.026741
4 54.00 0.00 52.50 0.00 46.50 0.00 48.00 0.00 0.330132
4 69.00 0.00 60.00 0.00 33.00 0.00 42.00 0.00 0.0624716
4 60.00 0.00 54.00 0.00 42.00 0.00 48.00 0.00 0.530003
4 87.00 0.00 78.00 0.00 15.00 0.00 24.00 0.00 0.00295582
4 96.00 0.00 81.00 0.00 6.00 0.00 21.00 0.00 0.00475185
4 54.00 0.00 52.50 0.00 48.00 0.00 49.50 0.00 1.09129
4 57.00 0.00 54.00 0.00 45.00 0.00 48.00 0.00 0.262173
4 75.00 0.00 63.00 0.00 27.00 0.00 39.00 0.00 0.0411282
4 99.00 0.00 87.00 0.00 3.00 0.00 15.00 0.00 0.00183974
4 81.00 0.00 75.00 0.00 21.00 0.00 27.00 0.00 0.00213092
4 78.00 0.00 72.00 0.00 24.00 0.00 30.00 0.00 0.00262789
4 66.00 0.00 60.00 0.00 36.00 0.00 42.00 0.00 0.0383832
4 63.00 0.00 57.00 0.00 39.00 0.00 45.00 0.00 0.120257
4 69.00 0.00 63.00 0.00 33.00 0.00 39.00 0.00 0.0189181
4 57.00 0.00 55.50 0.00 45.00 0.00 46.50 0.00 0.0332229
4 58.50 0.00 57.00 0.00 43.50 0.00 45.00 0.00 0.0190444
4 81.00 0.00 69.00 0.00 21.00 0.00 33.00 0.00 0.0126333
4 63.00 0.00 60.00 0.00 39.00 0.00 42.00 0.00 0.0126738
4 60.00 0.00 57.00 0.00 42.00 0.00 45.00 0.00 0.0551669
4 87.00 0.00 75.00 0.00 15.00 0.00 27.00 0.00 0.00649681
4 78.00 0.00 69.00 0.00 24.00 0.00 33.00 0.00 0.00762325
4 93.00 0.00 81.00 0.00 9.00 0.00 21.00 0.00 0.00305289
4 55.50 0.00 54.00 0.00 46.50 0.00 48.00 0.00 0.111507
4 66.00 0.00 63.00 0.00 36.00 0.00 39.00 0.00 0.00647575
4 69.00 0.00 57.00 0.00 33.00 0.00 45.00 0.00 0.225211
4 72.00 0.00 66.00 0.00 30.00 0.00 36.00 0.00 0.00796251
4 96.00 0.00 87.00 0.00 6.00 0.00 15.00 0.00 0.000758679
4 81.00 0.00 66.00 0.00 21.00 0.00 36.00 0.00 0.0283062
4 75.00 0.00 69.00 0.00 27.00 0.00 33.00 0.00 0.00356347
4 55.50 0.00 54.00 0.00 48.00 0.00 49.50 0.00 0.29791
4 58.50 0.00 57.00 0.00 45.00 0.00 46.50 0.00 0.0222086
4 54.00 0.00 52.50 0.00 49.50 0.00 51.00 0.00 4.39603
4 57.00 0.00 55.50 0.00 46.50 0.00 48.00 0.00 0.0660565
4 60.00 0.00 58.50 0.00 45.00 0.00 46.50 0.00 0.0156922
4 57.00 0.00 55.50 0.00 48.00 0.00 49.50 0.00 0.157022
4 84.00 0.00 75.00 0.00 21.00 0.00 30.00 0.00 0.00529314
4 55.50 0.00 54.00 0.00 49.50 0.00 51.00 0.00 0.728895
4 66.00 0.00 63.00 0.00 39.00 0.00 42.00 0.00 0.00947653
4 75.00 0.00 60.00 0.00 30.00 0.00 45.00 0.00 0.149159
4 93.00 0.00 84.00 0.00 12.00 0.00 21.00 0.00 0.00147681
4 90.00 0.00 75.00 0.00 15.00 0.00 30.00 0.00 0.0110254
4 58.50 0.00 57.00 0.00 46.50 0.00 48.00 0.00 0.0409439
4 66.00 0.00 57.00 0.00 39.00 0.00 48.00 0.00 0.320572
4 105.00 0.00 90.00 0.00 0.00 0.00 15.00 0.00 0.00244452
4 75.00 0.00 66.00 0.00 30.00 0.00 39.00 0.00 0.0199135
4 60.00 0.00 57.00 0.00 45.00 0.00 48.00 0.00 0.10798
4 57.00 0.00 54.00 0.00 48.00 0.00 51.00 0.00 1.49222
4 63.00 0.00 60.00 0.00 42.00 0.00 45.00 0.00 0.0230908
4 58.50 0.00 57.00 0.00 48.00 0.00 49.50 0.00 0.0889024
4 60.00 0.00 58.50 0.00 46.50 0.00 48.00 0.00 0.0270738
4 57.00 0.00 55.50 0.00 49.50 0.00 51.00 0.00 0.305106
4 55.50 0.00 54.00 0.00 51.00 0.00 52.50 0.00 3.10414
4 84.00 0.00 72.00 0.00 24.00 0.00 36.00 0.00 0.0138825
4 75.00 0.00 69.00 0.00 33.00 0.00 39.00 0.00 0.00696014
4 72.00 0.00 66.00 0.00 36.00 0.00 42.00 0.00 0.0171037
4 63.00 0.00 60.00 0.00 45.00 0.00 48.00 0.00 0.0389459
4 78.00 0.00 72.00 0.00 30.00 0.00 36.00 0.00 0.00429107
4 63.00 0.00 57.00 0.00 45.00 0.00 51.00 0.00 0.639804
4 81.00 0.00 75.00 0.00 27.00 0.00 33.00 0.00 0.00309043
4 66.00 0.00 60.00 0.00 42.00 0.00 48.00 0.00 0.104957
4 72.00 0.00 63.00 0.00 36.00 0.00 45.00 0.00 0.0670642
4 81.00 0.00 72.00 0.00 27.00 0.00 36.00 0.00 0.00901923
4 78.00 0.00 66.00 0.00 30.00 0.00 42.00 0.00 0.0390165
4 58.50 0.00 57.00 0.00 49.50 0.00 51.00 0.00 0.150541
4 69.00 0.00 66.00 0.00 39.00 0.00 42.00 0.00 0.0060395
4 69.00 0.00 63.00 0.00 39.00 0.00 45.00 0.00 0.0439028
4 108.00 0.00 96.00 0.00 0.00 0.00 12.00 0.00 0.000932979
4 99.00 0.00 90.00 0.00 9.00 0.00 18.00 0.00 0.000538593
4 60.00 0.00 57.00 0.00 48.00 0.00 51.00 0.00 0.381902
4 96.00 0.00 84.00 0.00 12.00 0.00 24.00 0.00 0.00306965
4 84.00 0.00 78.00 0.00 24.00 0.00 30.00 0.00 0.00222265
4 90.00 0.00 81.00 0.00 18.00 0.00 27.00 0.00 0.00300365
4 84.00 0.00 69.00 0.00 24.00 0.00 39.00 0.00 0.0277522
4 90.00 0.00 78.00 0.00 18.00 0.00 30.00 0.00 0.0072711
4 72.00 0.00 60.00 0.00 36.00 0.00 48.00 0.00 0.199917
4 66.00 0.00 63.00 0.00 42.00 0.00 45.00 0.00 0.0165095
4 60.00 0.00 58.50 0.00 48.00 0.00 49.50 0.00 0.0552769
4 57.00 0.00 55.50 0.00 51.00 0.00 52.50 0.00 0.791408
4 102.00 0.00 90.00 0.00 6.00 0.00 18.00 0.00 0.00132738
4 99.00 0.00 84.00 0.00 9.00 0.00 24.00 0.00 0.00465158
4 61.50 0.00 60.00 0.00 46.50 0.00 48.00 0.00 0.0119374
4 60.00 0.00 58.50 0.00 49.50 0.00 51.00 0.00 0.0850811
4 57.00 0.00 55.50 0.00 52.50 0.00 54.00 0.00 3.38392
4 61.50 0.00 60.00 0.00 48.00 0.00 49.50 0.00 0.0234823
4 58.50 0.00 57.00 0.00 51.00 0.00 52.50 0.00 0.310125
4 93.00 0.00 78.00 0.00 18.00 0.00 33.00 0.00 0.0118806
4 58.50 0.00 57.00 0.00 52.50 0.00 54.00 0.00 0.771296
4 78.00 0.00 63.00 0.00 33.00 0.00 48.00 0.00 0.151859
4 63.00 0.00 61.50 0.00 48.00 0.00 49.50 0.00 0.020194
4 66.00 0.00 63.00 0.00 45.00 0.00 48.00 0.00 0.0247818
4 60.00 0.00 57.00 0.00 51.00 0.00 54.00 0.00 1.5529
4 108.00 0.00 93.00 0.00 3.00 0.00 18.00 0.00 0.00219672
4 78.00 0.00 69.00 0.00 33.00 0.00 42.00 0.00 0.0184158
4 60.00 0.00 58.50 0.00 51.00 0.00 52.50 0.00 0.154358
4 61.50 0.00 60.00 0.00 49.50 0.00 51.00 0.00 0.0346197
4 96.00 0.00 87.00 0.00 15.00 0.00 24.00 0.00 0.001427
4 69.00 0.00 60.00 0.00 42.00 0.00 51.00 0.00 0.332942
4 69.00 0.00 66.00 0.00 42.00 0.00 45.00 0.00 0.0100155
4 63.00 0.00 60.00 0.00 48.00 0.00 51.00 0.00 0.107931
4 87.00 0.00 78.00 0.00 24.00 0.00 33.00 0.00 0.00560193
4 63.00 0.00 61.50 0.00 49.50 0.00 51.00 0.00 0.0272364
4 58.50 0.00 57.00 0.00 54.00 0.00 55.50 0.00 2.94762
4 60.00 0.00 58.50 0.00 52.50 0.00 54.00 0.00 0.313142
4 61.50 0.00 60.00 0.00 51.00 0.00 52.50 0.00 0.0573426
4 87.00 0.00 81.00 0.00 27.00 0.00 33.00 0.00 0.00185668
4 75.00 0.00 63.00 0.00 39.00 0.00 51.00 0.00 0.229439
4 84.00 0.00 75.00 0.00 30.00 0.00 39.00 0.00 0.0102482
4 75.00 0.00 69.00 0.00 39.00 0.00 45.00 0.00 0.0149238
4 99.00 0.00 87.00 0.00 15.00 0.00 27.00 0.00 0.00309837
4 72.00 0.00 66.00 0.00 42.00 0.00 48.00 0.00 0.0377987
4 102.00 0.00 93.00 0.00 12.00 0.00 21.00 0.00 0.000578227
4 60.00 0.00 58.50 0.00 54.00 0.00 55.50 0.00 0.65654
4 66.00 0.00 60.00 0.00 48.00 0.00 54.00 0.00 0.572874
4 111.00 0.00 99.00 0.00 3.00 0.00 15.00 0.00 0.000431416
4 87.00 0.00 75.00 0.00 27.00 0.00 39.00 0.00 0.0154886
4 61.50 0.00 60.00 0.00 52.50 0.00 54.00 0.00 0.103803
4 87.00 0.00 72.00 0.00 27.00 0.00 42.00 0.00 0.0307151
4 93.00 0.00 81.00 0.00 21.00 0.00 33.00 0.00 0.00699502
4 64.50 0.00 63.00 0.00 49.50 0.00 51.00 0.00 0.0190077
4 81.00 0.00 75.00 0.00 33.00 0.00 39.00 0.00 0.00529474
4 81.00 0.00 69.00 0.00 33.00 0.00 45.00 0.00 0.0387627
4 84.00 0.00 78.00 0.00 30.00 0.00 36.00 0.00 0.00337403
4 63.00 0.00 60.00 0.00 51.00 0.00 54.00 0.00 0.278479
4 69.00 0.00 63.00 0.00 45.00 0.00 51.00 0.00 0.132703
4 102.00 0.00 87.00 0.00 12.00 0.00 27.00 0.00 0.00481972
4 75.00 0.00 66.00 0.00 39.00 0.00 48.00 0.00 0.0597627
4 72.00 0.00 69.00 0.00 42.00 0.00 45.00 0.00 0.00464538
4 105.00 0.00 93.00 0.00 9.00 0.00 21.00 0.00 0.00126022
4 93.00 0.00 84.00 0.00 21.00 0.00 30.00 0.00 0.00298382
4 78.00 0.00 72.00 0.00 36.00 0.00 42.00 0.00 0.00834786
4 63.00 0.00 61.50 0.00 51.00 0.00 52.50 0.00 0.042776
4 66.00 0.00 63.00 0.00 48.00 0.00 51.00 0.00 0.0597729
4 69.00 0.00 66.00 0.00 45.00 0.00 48.00 0.00 0.0145727
4 63.00 0.00 61.50 0.00 52.50 0.00 54.00 0.00 0.0718603
4 61.50 0.00 60.00 0.00 54.00 0.00 55.50 0.00 0.168861
4 60.00 0.00 58.50 0.00 55.50 0.00 57.00 0.00 3.79732
4 64.50 0.00 63.00 0.00 51.00 0.00 52.50 0.00 0.0279474
4 61.50 0.00 60.00 0.00 55.50 0.00 57.00 0.00 0.494115
4 111.00 0.00 96.00 0.00 6.00 0.00 21.00 0.00 0.00203479
4 64.50 0.00 63.00 0.00 52.50 0.00 54.00 0.00 0.0454852
4 90.00 0.00 81.00 0.00 27.00 0.00 36.00 0.00 0.00512602
4 63.00 0.00 60.00 0.00 54.00 0.00 57.00 0.00 1.01308
4 63.00 0.00 61.50 0.00 54.00 0.00 55.50 0.00 0.104375
4 66.00 0.00 63.00 0.00 51.00 0.00 54.00 0.00 0.124598
4 69.00 0.00 66.00 0.00 48.00 0.00 51.00 0.00 0.0321596
4 96.00 0.00 81.00 0.00 21.00 0.00 36.00 0.00 0.011486
4 99.00 0.00 90.00 0.00 18.00 0.00 27.00 0.00 0.00144924
4 81.00 0.00 66.00 0.00 36.00 0.00 51.00 0.00 0.161177
4 81.00 0.00 72.00 0.00 36.00 0.00 45.00 0.00 0.0219958
4 66.00 0.00 64.50 0.00 51.00 0.00 52.50 0.00 0.0193771
4 72.00 0.00 63.00 0.00 45.00 0.00 54.00 0.00 0.365231
4 72.00 0.00 69.00 0.00 45.00 0.00 48.00 0.00 0.00638719
4 63.00 0.00 61.50 0.00 55.50 0.00 57.00 0.00 0.241782
4 66.00 0.00 64.50 0.00 52.50 0.00 54.00 0.00 0.0301447
4 61.50 0.00 60.00 0.00 57.00 0.00 58.50 0.00 2.20818
4 64.50 0.00 63.00 0.00 54.00 0.00 55.50 0.00 0.0601686
4 64.50 0.00 63.00 0.00 55.50 0.00 57.00 0.00 0.122177
4 96.00 0.00 84.00 0.00 24.00 0.00 36.00 0.00 0.00665657
4 67.50 0.00 66.00 0.00 52.50 0.00 54.00 0.00 0.021229
4 90.00 0.00 78.00 0.00 30.00 0.00 42.00 0.00 0.0163836
4 90.00 0.00 84.00 0.00 30.00 0.00 36.00 0.00 0.00176457
4 84.00 0.00 72.00 0.00 36.00 0.00 48.00 0.00 0.0418266
4 87.00 0.00 81.00 0.00 33.00 0.00 39.00 0.00 0.00320645
4 75.00 0.00 69.00 0.00 45.00 0.00 51.00 0.00 0.0362291
4 63.00 0.00 61.50 0.00 57.00 0.00 58.50 0.00 0.66606
4 66.00 0.00 63.00 0.00 54.00 0.00 57.00 0.00 0.292591
4 72.00 0.00 66.00 0.00 48.00 0.00 54.00 0.00 0.132184
4 120.00 0.00 108.00 0.00 0.00 0.00 12.00 0.00 0.000363648
4 105.00 0.00 90.00 0.00 15.00 0.00 30.00 0.00 0.00459721
4 108.00 0.00 96.00 0.00 12.00 0.00 24.00 0.00 0.00146754
4 78.00 0.00 69.00 0.00 42.00 0.00 51.00 0.00 0.060541
4 90.00 0.00 75.00 0.00 30.00 0.00 45.00 0.00 0.0336347
4 81.00 0.00 75.00 0.00 39.00 0.00 45.00 0.00 0.00997283
4 96.00 0.00 87.00 0.00 24.00 0.00 33.00 0.00 0.00282532
4 66.00 0.00 64.50 0.00 54.00 0.00 55.50 0.00 0.0378656
4 69.00 0.00 66.00 0.00 51.00 0.00 54.00 0.00 0.0595523
4 120.00 0.00 105.00 0.00 0.00 0.00 15.00 0.00 0.00123672
4 87.00 0.00 78.00 0.00 33.00 0.00 42.00 0.00 0.0110727
4 75.00 0.00 72.00 0.00 45.00 0.00 48.00 0.00 0.00465921
4 72.00 0.00 69.00 0.00 48.00 0.00 51.00 0.00 0.014408
4 105.00 0.00 96.00 0.00 15.00 0.00 24.00 0.00 0.000650555
4 102.00 0.00 90.00 0.00 18.00 0.00 30.00 0.00 0.00323112
4 78.00 0.00 66.00 0.00 42.00 0.00 54.00 0.00 0.230743
4 78.00 0.00 72.00 0.00 42.00 0.00 48.00 0.00 0.0158868
4 84.00 0.00 78.00 0.00 36.00 0.00 42.00 0.00 0.00606394
4 114.00 0.00 102.00 0.00 6.00 0.00 18.00 0.00 0.000384539
4 69.00 0.00 63.00 0.00 51.00 0.00 57.00 0.00 0.591613
4 64.50 0.00 63.00 0.00 57.00 0.00 58.50 0.00 0.265772
4 63.00 0.00 61.50 0.00 58.50 0.00 60.00 0.00 4.19264
4 67.50 0.00 66.00 0.00 54.00 0.00 55.50 0.00 0.0251604
4 66.00 0.00 64.50 0.00 55.50 0.00 57.00 0.00 0.0706464
4 102.00 0.00 93.00 0.00 21.00 0.00 30.00 0.00 0.00144693
4 66.00 0.00 64.50 0.00 57.00 0.00 58.50 0.00 0.136619
4 69.00 0.00 66.00 0.00 54.00 0.00 57.00 0.00 0.113342
4 75.00 0.00 66.00 0.00 48.00 0.00 57.00 0.00 0.336658
4 75.00 0.00 72.00 0.00 48.00 0.00 51.00 0.00 0.00935314
4 69.00 0.00 67.50 0.00 54.00 0.00 55.50 0.00 0.0155427
4 72.00 0.00 69.00 0.00 51.00 0.00 54.00 0.00 0.0245447
4 64.50 0.00 63.00 0.00 58.50 0.00 60.00 0.00 0.819985
4 99.00 0.00 84.00 0.00 24.00 0.00 39.00 0.00 0.0112822
4 84.00 0.00 69.00 0.00 39.00 0.00 54.00 0.00 0.159404
4 93.00 0.00 84.00 0.00 30.00 0.00 39.00 0.00 0.00523971
4 66.00 0.00 63.00 0.00 57.00 0.00 60.00 0.00 1.55445
4 114.00 0.00 99.00 0.00 9.00 0.00 24.00 0.00 0.00190074
4 67.50 0.00 66.00 0.00 55.50 0.00 57.00 0.00 0.0447037
4 84.00 0.00 75.00 0.00 39.00 0.00 48.00 0.00 0.0235527
4 64.50 0.00 63.00 0.00 60.00 0.00 61.50 0.00 2.35185
4 67.50 0.00 66.00 0.00 57.00 0.00 58.50 0.00 0.0793231
4 66.00 0.00 64.50 0.00 58.50 0.00 60.00 0.00 0.328526
4 69.00 0.00 67.50 0.00 55.50 0.00 57.00 0.00 0.0262065
4 81.00 0.00 69.00 0.00 45.00 0.00 57.00 0.00 0.2106
4 75.00 0.00 72.00 0.00 51.00 0.00 54.00 0.00 0.0149438
4 72.00 0.00 69.00 0.00 54.00 0.00 57.00 0.00 0.0419032
4 108.00 0.00 93.00 0.00 18.00 0.00 33.00 0.00 0.00452454
4 66.00 0.00 64.50 0.00 60.00 0.00 61.50 0.00 0.577282
4 67.50 0.00 66.00 0.00 58.50 0.00 60.00 0.00 0.164849
4 84.00 0.00 78.00 0.00 42.00 0.00 48.00 0.00 0.0103537
4 105.00 0.00 93.00 0.00 21.00 0.00 33.00 0.00 0.0031144
4 108.00 0.00 99.00 0.00 18.00 0.00 27.00 0.00 0.000269905
4 87.00 0.00 75.00 0.00 39.00 0.00 51.00 0.00 0.0490583
4 87.00 0.00 81.00 0.00 39.00 0.00 45.00 0.00 0.00595787
4 69.00 0.00 67.50 0.00 57.00 0.00 58.50 0.00 0.0444482
4 72.00 0.00 66.00 0.00 54.00 0.00 60.00 0.00 0.643713
4 81.00 0.00 75.00 0.00 45.00 0.00 51.00 0.00 0.0204853
4 81.00 0.00 72.00 0.00 45.00 0.00 54.00 0.00 0.0704803
4 99.00 0.00 90.00 0.00 27.00 0.00 36.00 0.00 0.00270033
4 93.00 0.00 81.00 0.00 33.00 0.00 45.00 0.00 0.016293
4 90.00 0.00 84.00 0.00 36.00 0.00 42.00 0.00 0.00319803
4 69.00 0.00 66.00 0.00 57.00 0.00 60.00 0.00 0.374688
4 117.00 0.00 105.00 0.00 9.00 0.00 21.00 0.00 0.000730091
4 75.00 0.00 69.00 0.00 51.00 0.00 57.00 0.00 0.10522
4 78.00 0.00 75.00 0.00 48.00 0.00 51.00 0.00 0.00708019
4 78.00 0.00 72.00 0.00 48.00 0.00 54.00 0.00 0.043426
4 99.00 0.00 87.00 0.00 27.00 0.00 39.00 0.00 0.00689916
4 70.50 0.00 69.00 0.00 55.50 0.00 57.00 0.00 0.0162992
4 90.00 0.00 81.00 0.00 36.00 0.00 45.00 0.00 0.011022
4 93.00 0.00 87.00 0.00 33.00 0.00 39.00 0.00 0.00190826
4 93.00 0.00 78.00 0.00 33.00 0.00 48.00 0.00 0.0344681
4 111.00 0.00 99.00 0.00 15.00 0.00 27.00 0.00 0.00079286
4 70.50 0.00 69.00 0.00 57.00 0.00 58.50 0.00 0.026302
4 67.50 0.00 66.00 0.00 60.00 0.00 61.50 0.00 0.232909
4 69.00 0.00 67.50 0.00 58.50 0.00 60.00 0.00 0.0839051
4 66.00 0.00 64.50 0.00 61.50 0.00 63.00 0.00 2.56553
4 72.00 0.00 70.50 0.00 57.00 0.00 58.50 0.00 0.0136667
4 69.00 0.00 67.50 0.00 60.00 0.00 61.50 0.00 0.104587
4 70.50 0.00 69.00 0.00 58.50 0.00 60.00 0.00 0.0477829
4 102.00 0.00 87.00 0.00 27.00 0.00 42.00 0.00 0.0112979
4 87.00 0.00 72.00 0.00 42.00 0.00 57.00 0.00 0.169378
4 96.00 0.00 87.00 0.00 33.00 0.00 42.00 0.00 0.00527244
4 78.00 0.00 75.00 0.00 51.00 0.00 54.00 0.00 0.010623
4 105.00 0.00 96.00 0.00 24.00 0.00 33.00 0.00 0.00139949
4 87.00 0.00 78.00 0.00 42.00 0.00 51.00 0.00 0.0273679
4 67.50 0.00 66.00 0.00 61.50 0.00 63.00 0.00 0.648974
4 72.00 0.00 69.00 0.00 57.00 0.00 60.00 0.00 0.112417
4 117.00 0.00 102.00 0.00 12.00 0.00 27.00 0.00 0.00219624
4 78.00 0.00 69.00 0.00 51.00 0.00 60.00 0.00 0.330685
4 75.00 0.00 72.00 0.00 54.00 0.00 57.00 0.00 0.0227388
4 69.00 0.00 66.00 0.00 60.00 0.00 63.00 0.00 1.22616
4 70.50 0.00 69.00 0.00 60.00 0.00 61.50 0.00 0.0555424
4 72.00 0.00 70.50 0.00 58.50 0.00 60.00 0.00 0.0231153
4 69.00 0.00 67.50 0.00 61.50 0.00 63.00 0.00 0.234901
4 67.50 0.00 66.00 0.00 63.00 0.00 64.50 0.00 2.69413
4 84.00 0.00 78.00 0.00 48.00 0.00 54.00 0.00 0.0243814
4 72.00 0.00 70.50 0.00 60.00 0.00 61.50 0.00 0.0256437
4 73.50 0.00 72.00 0.00 58.50 0.00 60.00 0.00 0.0179842
4 96.00 0.00 84.00 0.00 36.00 0.00 48.00 0.00 0.0157188
4 114.00 0.00 102.00 0.00 18.00 0.00 30.00 0.00 0.00162501
4 78.00 0.00 75.00 0.00 54.00 0.00 57.00 0.00 0.0156072
4 75.00 0.00 72.00 0.00 57.00 0.00 60.00 0.00 0.0520738
4 102.00 0.00 90.00 0.00 30.00 0.00 42.00 0.00 0.00634979
4 93.00 0.00 84.00 0.00 39.00 0.00 48.00 0.00 0.0106142
4 70.50 0.00 69.00 0.00 61.50 0.00 63.00 0.00 0.113678
4 81.00 0.00 78.00 0.00 51.00 0.00 54.00 0.00 0.00811267
4 84.00 0.00 72.00 0.00 48.00 0.00 60.00 0.00 0.247598
4 87.00 0.00 81.00 0.00 45.00 0.00 51.00 0.00 0.0110266
4 120.00 0.00 108.00 0.00 12.00 0.00 24.00 0.00 0.000810372
4 111.00 0.00 96.00 0.00 21.00 0.00 36.00 0.00 0.00464066
4 111.00 0.00 102.00 0.00 21.00 0.00 30.00 0.00 0.000604841
4 96.00 0.00 81.00 0.00 36.00 0.00 51.00 0.00 0.0361055
4 90.00 0.00 84.00 0.00 42.00 0.00 48.00 0.00 0.00554995
4 84.00 0.00 75.00 0.00 48.00 0.00 57.00 0.00 0.0781553
4 75.00 0.00 69.00 0.00 57.00 0.00 63.00 0.00 0.498818
4 102.00 0.00 93.00 0.00 30.00 0.00 39.00 0.00 0.00241722
4 69.00 0.00 67.50 0.00 63.00 0.00 64.50 0.00 0.58409
4 72.00 0.00 69.00 0.00 60.00 0.00 63.00 0.00 0.24528
4 90.00 0.00 78.00 0.00 42.00 0.00 54.00 0.00 0.053844
4 108.00 0.00 96.00 0.00 24.00 0.00 36.00 0.00 0.0030376
4 96.00 0.00 90.00 0.00 36.00 0.00 42.00 0.00 0.00195878
4 93.00 0.00 87.00 0.00 39.00 0.00 45.00 0.00 0.00327017
4 81.00 0.00 75.00 0.00 51.00 0.00 57.00 0.00 0.0468057
4 78.00 0.00 72.00 0.00 54.00 0.00 60.00 0.00 0.123962
4 69.00 0.00 67.50 0.00 64.50 0.00 66.00 0.00 2.35752
4 72.00 0.00 70.50 0.00 61.50 0.00 63.00 0.00 0.0485552
4 70.50 0.00 69.00 0.00 63.00 0.00 64.50 0.00 0.23583
4 73.50 0.00 72.00 0.00 60.00 0.00 61.50 0.00 0.0184557
4 70.50 0.00 69.00 0.00 64.50 0.00 66.00 0.00 0.592057
4 81.00 0.00 78.00 0.00 54.00 0.00 57.00 0.00 0.0111378
4 90.00 0.00 75.00 0.00 45.00 0.00 60.00 0.00 0.196633
4 108.00 0.00 99.00 0.00 27.00 0.00 36.00 0.00 0.000688468
4 120.00 0.00 105.00 0.00 15.00 0.00 30.00 0.00 0.00223578
4 105.00 0.00 90.00 0.00 30.00 0.00 45.00 0.00 0.010855
4 73.50 0.00 72.00 0.00 61.50 0.00 63.00 0.00 0.0330775
4 81.00 0.00 72.00 0.00 54.00 0.00 63.00 0.00 0.324527
4 90.00 0.00 81.00 0.00 45.00 0.00 54.00 0.00 0.0277387
4 75.00 0.00 72.00 0.00 60.00 0.00 63.00 0.00 0.0878661
4 72.00 0.00 69.00 0.00 63.00 0.00 66.00 0.00 1.10456
4 78.00 0.00 75.00 0.00 57.00 0.00 60.00 0.00 0.0325339
4 75.00 0.00 73.50 0.00 60.00 0.00 61.50 0.00 0.013082
4 72.00 0.00 70.50 0.00 63.00 0.00 64.50 0.00 0.0900844
4 99.00 0.00 90.00 0.00 36.00 0.00 45.00 0.00 0.00514725
4 75.00 0.00 73.50 0.00 61.50 0.00 63.00 0.00 0.0222064
4 72.00 0.00 70.50 0.00 64.50 0.00 66.00 0.00 0.18284
4 70.50 0.00 69.00 0.00 66.00 0.00 67.50 0.00 2.38547
4 73.50 0.00 72.00 0.00 63.00 0.00 64.50 0.00 0.0560633
4 73.50 0.00 72.00 0.00 64.50 0.00 66.00 0.00 0.0985317
4 84.00 0.00 81.00 0.00 54.00 0.00 57.00 0.00 0.0069902
4 84.00 0.00 78.00 0.00 54.00 0.00 60.00 0.00 0.0549082
4 75.00 0.00 72.00 0.00 63.00 0.00 66.00 0.00 0.247682
4 114.00 0.00 99.00 0.00 24.00 0.00 39.00 0.00 0.00393504
4 99.00 0.00 93.00 0.00 39.00 0.00 45.00 0.00 0.00161693
4 117.00 0.00 105.00 0.00 21.00 0.00 33.00 0.00 0.00175958
4 105.00 0.00 96.00 0.00 33.00 0.00 42.00 0.00 0.00246844
4 99.00 0.00 84.00 0.00 39.00 0.00 54.00 0.00 0.0358519
4 105.00 0.00 93.00 0.00 33.00 0.00 45.00 0.00 0.00624018
4 76.50 0.00 75.00 0.00 61.50 0.00 63.00 0.00 0.0178701
4 87.00 0.00 75.00 0.00 51.00 0.00 63.00 0.00 0.254327
4 81.00 0.00 78.00 0.00 57.00 0.00 60.00 0.00 0.0217847
4 75.00 0.00 73.50 0.00 63.00 0.00 64.50 0.00 0.0353854
4 72.00 0.00 70.50 0.00 66.00 0.00 67.50 0.00 0.466528
4 111.00 0.00 99.00 0.00 27.00 0.00 39.00 0.00 0.00250061
4 114.00 0.00 105.00 0.00 24.00 0.00 33.00 0.00 0.000839929
4 99.00 0.00 87.00 0.00 39.00 0.00 51.00 0.00 0.0162251
4 90.00 0.00 84.00 0.00 48.00 0.00 54.00 0.00 0.0118195
4 87.00 0.00 81.00 0.00 51.00 0.00 57.00 0.00 0.022089
4 93.00 0.00 81.00 0.00 45.00 0.00 57.00 0.00 0.0519275
4 78.00 0.00 75.00 0.00 60.00 0.00 63.00 0.00 0.0482336
4 93.00 0.00 87.00 0.00 45.00 0.00 51.00 0.00 0.00604918
4 78.00 0.00 72.00 0.00 60.00 0.00 66.00 0.00 0.49489
4 96.00 0.00 90.00 0.00 42.00 0.00 48.00 0.00 0.00292048
4 81.00 0.00 75.00 0.00 57.00 0.00 63.00 0.00 0.133119
4 87.00 0.00 78.00 0.00 51.00 0.00 60.00 0.00 0.0877753
4 96.00 0.00 87.00 0.00 42.00 0.00 51.00 0.00 0.0113488
4 73.50 0.00 72.00 0.00 66.00 0.00 67.50 0.00 0.199802
4 75.00 0.00 73.50 0.00 64.50 0.00 66.00 0.00 0.0563731
4 72.00 0.00 70.50 0.00 67.50 0.00 69.00 0.00 1.92197
4 76.50 0.00 75.00 0.00 63.00 0.00 64.50 0.00 0.0270828
4 93.00 0.00 84.00 0.00 48.00 0.00 57.00 0.00 0.0272992
4 75.00 0.00 73.50 0.00 66.00 0.00 67.50 0.00 0.0996009
4 76.50 0.00 75.00 0.00 64.50 0.00 66.00 0.00 0.0411796
4 111.00 0.00 102.00 0.00 30.00 0.00 39.00 0.00 0.00104047
4 84.00 0.00 75.00 0.00 57.00 0.00 66.00 0.00 0.363846
4 84.00 0.00 81.00 0.00 57.00 0.00 60.00 0.00 0.0132745
4 78.00 0.00 75.00 0.00 63.00 0.00 66.00 0.00 0.109555
4 102.00 0.00 93.00 0.00 39.00 0.00 48.00 0.00 0.00474045
4 108.00 0.00 93.00 0.00 33.00 0.00 48.00 0.00 0.0101705
4 73.50 0.00 72.00 0.00 67.50 0.00 69.00 0.00 0.494706
4 93.00 0.00 78.00 0.00 48.00 0.00 63.00 0.00 0.196862
4 78.00 0.00 76.50 0.00 63.00 0.00 64.50 0.00 0.0163994
4 81.00 0.00 78.00 0.00 60.00 0.00 63.00 0.00 0.0293833
4 75.00 0.00 72.00 0.00 66.00 0.00 69.00 0.00 0.990993
4 78.00 0.00 76.50 0.00 64.50 0.00 66.00 0.00 0.0235606
4 73.50 0.00 72.00 0.00 69.00 0.00 70.50 0.00 2.06114
4 75.00 0.00 73.50 0.00 67.50 0.00 69.00 0.00 0.193661
4 76.50 0.00 75.00 0.00 66.00 0.00 67.50 0.00 0.067212
4 79.50 0.00 78.00 0.00 64.50 0.00 66.00 0.00 0.0174608
4 96.00 0.00 90.00 0.00 48.00 0.00 54.00 0.00 0.00657693
4 96.00 0.00 84.00 0.00 48.00 0.00 60.00 0.00 0.0550404
4 99.00 0.00 93.00 0.00 45.00 0.00 51.00 0.00 0.00298076
4 78.00 0.00 75.00 0.00 66.00 0.00 69.00 0.00 0.278123
4 84.00 0.00 78.00 0.00 60.00 0.00 66.00 0.00 0.136223
4 117.00 0.00 108.00 0.00 27.00 0.00 36.00 0.00 0.000697194
4 90.00 0.00 81.00 0.00 54.00 0.00 63.00 0.00 0.0798461
4 87.00 0.00 84.00 0.00 57.00 0.00 60.00 0.00 0.0085838
4 108.00 0.00 99.00 0.00 36.00 0.00 45.00 0.00 0.00195819
4 93.00 0.00 87.00 0.00 51.00 0.00 57.00 0.00 0.0108458
4 78.00 0.00 76.50 0.00 66.00 0.00 67.50 0.00 0.0365752
4 81.00 0.00 78.00 0.00 63.00 0.00 66.00 0.00 0.0578688
4 84.00 0.00 81.00 0.00 60.00 0.00 63.00 0.00 0.0168284
4 102.00 0.00 96.00 0.00 42.00 0.00 48.00 0.00 0.00150861
4 90.00 0.00 78.00 0.00 54.00 0.00 66.00 0.00 0.262142
4 99.00 0.00 90.00 0.00 45.00 0.00 54.00 0.00 0.0111388
4 90.00 0.00 84.00 0.00 54.00 0.00 60.00 0.00 0.0233315
4 114.00 0.00 102.00 0.00 30.00 0.00 42.00 0.00 0.00298067
4 87.00 0.00 81.00 0.00 57.00 0.00 63.00 0.00 0.0502513
4 120.00 0.00 108.00 0.00 24.00 0.00 36.00 0.00 0.0015724
4 75.00 0.00 73.50 0.00 69.00 0.00 70.50 0.00 0.485984
4 81.00 0.00 75.00 0.00 63.00 0.00 69.00 0.00 0.560313
4 102.00 0.00 90.00 0.00 42.00 0.00 54.00 0.00 0.0161749
4 117.00 0.00 102.00 0.00 27.00 0.00 42.00 0.00 0.00464899
4 76.50 0.00 75.00 0.00 67.50 0.00 69.00 0.00 0.115457
4 102.00 0.00 87.00 0.00 42.00 0.00 57.00 0.00 0.0348145
4 108.00 0.00 96.00 0.00 36.00 0.00 48.00 0.00 0.00596438
4 76.50 0.00 75.00 0.00 69.00 0.00 70.50 0.00 0.235523
4 75.00 0.00 73.50 0.00 70.50 0.00 72.00 0.00 1.86167
4 79.50 0.00 78.00 0.00 66.00 0.00 67.50 0.00 0.0254175
4 78.00 0.00 76.50 0.00 67.50 0.00 69.00 0.00 0.0572045
4 78.00 0.00 76.50 0.00 69.00 0.00 70.50 0.00 0.102438
4 81.00 0.00 78.00 0.00 66.00 0.00 69.00 0.00 0.113631
4 84.00 0.00 81.00 0.00 63.00 0.00 66.00 0.00 0.0305235
4 111.00 0.00 96.00 0.00 36.00 0.00 51.00 0.00 0.0104819
4 114.00 0.00 105.00 0.00 33.00 0.00 42.00 0.00 0.0015057
4 96.00 0.00 81.00 0.00 51.00 0.00 66.00 0.00 0.189785
4 96.00 0.00 87.00 0.00 51.00 0.00 60.00 0.00 0.027928
4 81.00 0.00 79.50 0.00 66.00 0.00 67.50 0.00 0.0207899
4 87.00 0.00 78.00 0.00 60.00 0.00 69.00 0.00 0.358814
4 87.00 0.00 84.00 0.00 60.00 0.00 63.00 0.00 0.00962646
4 76.50 0.00 75.00 0.00 70.50 0.00 72.00 0.00 0.577981
4 79.50 0.00 78.00 0.00 67.50 0.00 69.00 0.00 0.0371597
4 78.00 0.00 75.00 0.00 69.00 0.00 72.00 0.00 1.12228
4 105.00 0.00 96.00 0.00 42.00 0.00 51.00 0.00 0.00491021
4 76.50 0.00 75.00 0.00 72.00 0.00 73.50 0.00 3.01689
4 79.50 0.00 78.00 0.00 69.00 0.00 70.50 0.00 0.0598725
4 78.00 0.00 76.50 0.00 70.50 0.00 72.00 0.00 0.202656
4 81.00 0.00 79.50 0.00 67.50 0.00 69.00 0.00 0.0284553
4 105.00 0.00 90.00 0.00 45.00 0.00 60.00 0.00 0.0354244
4 96.00 0.00 90.00 0.00 54.00 0.00 60.00 0.00 0.0114259
4 111.00 0.00 102.00 0.00 39.00 0.00 48.00 0.00 0.0023242
4 120.00 0.00 111.00 0.00 30.00 0.00 39.00 0.00 6.68194e-05
4 81.00 0.00 79.50 0.00 69.00 0.00 70.50 0.00 0.0429345
4 84.00 0.00 81.00 0.00 66.00 0.00 69.00 0.00 0.0520706
4 102.00 0.00 93.00 0.00 48.00 0.00 57.00 0.00 0.0103823
4 90.00 0.00 87.00 0.00 60.00 0.00 63.00 0.00 0.00628253
4 87.00 0.00 84.00 0.00 63.00 0.00 66.00 0.00 0.0174395
4 117.00 0.00 105.00 0.00 33.00 0.00 45.00 0.00 0.00312734
4 93.00 0.00 81.00 0.00 57.00 0.00 69.00 0.00 0.246219
4 93.00 0.00 87.00 0.00 57.00 0.00 63.00 0.00 0.0216039
4 99.00 0.00 93.00 0.00 51.00 0.00 57.00 0.00 0.00540452
4 84.00 0.00 78.00 0.00 66.00 0.00 72.00 0.00 0.535004
4 79.50 0.00 78.00 0.00 70.50 0.00 72.00 0.00 0.102375
4 111.00 0.00 99.00 0.00 39.00 0.00 51.00 0.00 0.00571297
4 82.50 0.00 81.00 0.00 67.50 0.00 69.00 0.00 0.0170166
4 105.00 0.00 93.00 0.00 45.00 0.00 57.00 0.00 0.0152203
4 105.00 0.00 99.00 0.00 45.00 0.00 51.00 0.00 0.00120649
4 99.00 0.00 87.00 0.00 51.00 0.00 63.00 0.00 0.0497497
4 102.00 0.00 96.00 0.00 48.00 0.00 54.00 0.00 0.00316607
4 90.00 0.00 84.00 0.00 60.00 0.00 66.00 0.00 0.0458308
4 78.00 0.00 76.50 0.00 72.00 0.00 73.50 0.00 0.700946
4 81.00 0.00 78.00 0.00 69.00 0.00 72.00 0.00 0.272961
4 87.00 0.00 81.00 0.00 63.00 0.00 69.00 0.00 0.128692
4 120.00 0.00 105.00 0.00 30.00 0.00 45.00 0.00 0.00470822
4 93.00 0.00 84.00 0.00 57.00 0.00 66.00 0.00 0.0777063
4 82.50 0.00 81.00 0.00 69.00 0.00 70.50 0.00 0.0241597
4 81.00 0.00 79.50 0.00 70.50 0.00 72.00 0.00 0.0659139
4 79.50 0.00 78.00 0.00 72.00 0.00 73.50 0.00 0.289902
4 78.00 0.00 76.50 0.00 73.50 0.00 75.00 0.00 2.52166
4 114.00 0.00 99.00 0.00 39.00 0.00 54.00 0.00 0.0103589
4 99.00 0.00 84.00 0.00 54.00 0.00 69.00 0.00 0.174552
4 108.00 0.00 99.00 0.00 45.00 0.00 54.00 0.00 0.00471926
4 81.00 0.00 78.00 0.00 72.00 0.00 75.00 0.00 1.50901
4 82.50 0.00 81.00 0.00 70.50 0.00 72.00 0.00 0.0343665
4 99.00 0.00 90.00 0.00 54.00 0.00 63.00 0.00 0.0247471
4 117.00 0.00 108.00 0.00 36.00 0.00 45.00 0.00 0.00140705
4 81.00 0.00 79.50 0.00 72.00 0.00 73.50 0.00 0.164783
4 84.00 0.00 81.00 0.00 69.00 0.00 72.00 0.00 0.0945246
4 90.00 0.00 81.00 0.00 63.00 0.00 72.00 0.00 0.314498
4 90.00 0.00 87.00 0.00 63.00 0.00 66.00 0.00 0.01037
4 84.00 0.00 82.50 0.00 69.00 0.00 70.50 0.00 0.0137965
4 87.00 0.00 84.00 0.00 66.00 0.00 69.00 0.00 0.0268139
4 79.50 0.00 78.00 0.00 73.50 0.00 75.00 0.00 0.710737
4 84.00 0.00 82.50 0.00 70.50 0.00 72.00 0.00 0.0182051
4 79.50 0.00 78.00 0.00 75.00 0.00 76.50 0.00 2.75839
4 82.50 0.00 81.00 0.00 72.00 0.00 73.50 0.00 0.0773779
4 81.00 0.00 79.50 0.00 73.50 0.00 75.00 0.00 0.339887
4 114.00 0.00 105.00 0.00 42.00 0.00 51.00 0.00 0.00288793
4 108.00 0.00 96.00 0.00 48.00 0.00 60.00 0.00 0.0156215
4 105.00 0.00 99.00 0.00 51.00 0.00 57.00 0.00 0.00205847
4 84.00 0.00 81.00 0.00 72.00 0.00 75.00 0.00 0.332046
4 90.00 0.00 84.00 0.00 66.00 0.00 72.00 0.00 0.106603
4 93.00 0.00 90.00 0.00 63.00 0.00 66.00 0.00 0.00666713
4 108.00 0.00 102.00 0.00 48.00 0.00 54.00 0.00 0.00167449
4 93.00 0.00 87.00 0.00 63.00 0.00 69.00 0.00 0.0437883
4 114.00 0.00 102.00 0.00 42.00 0.00 54.00 0.00 0.00667841
4 85.50 0.00 84.00 0.00 70.50 0.00 72.00 0.00 0.0124727
4 105.00 0.00 96.00 0.00 51.00 0.00 60.00 0.00 0.0103509
4 108.00 0.00 93.00 0.00 48.00 0.00 63.00 0.00 0.0327932
4 96.00 0.00 84.00 0.00 60.00 0.00 72.00 0.00 0.210515
4 90.00 0.00 87.00 0.00 66.00 0.00 69.00 0.00 0.0154623
4 87.00 0.00 84.00 0.00 69.00 0.00 72.00 0.00 0.0411917
4 81.00 0.00 79.50 0.00 75.00 0.00 76.50 0.00 0.875221
4 82.50 0.00 81.00 0.00 73.50 0.00 75.00 0.00 0.142121
4 99.00 0.00 93.00 0.00 57.00 0.00 63.00 0.00 0.00959729
4 120.00 0.00 108.00 0.00 36.00 0.00 48.00 0.00 0.00307019
4 102.00 0.00 90.00 0.00 54.00 0.00 66.00 0.00 0.046603
4 102.00 0.00 96.00 0.00 54.00 0.00 60.00 0.00 0.00553014
4 84.00 0.00 82.50 0.00 72.00 0.00 73.50 0.00 0.0405483
4 87.00 0.00 81.00 0.00 69.00 0.00 75.00 0.00 0.582627
4 96.00 0.00 90.00 0.00 60.00 0.00 66.00 0.00 0.0197545
4 96.00 0.00 87.00 0.00 60.00 0.00 69.00 0.00 0.0707908
4 81.00 0.00 79.50 0.00 76.50 0.00 78.00 0.00 3.47197
4 85.50 0.00 84.00 0.00 72.00 0.00 73.50 0.00 0.0250564
4 82.50 0.00 81.00 0.00 75.00 0.00 76.50 0.00 0.298914
4 84.00 0.00 82.50 0.00 73.50 0.00 75.00 0.00 0.0683457
4 120.00 0.00 111.00 0.00 39.00 0.00 48.00 0.00 0.000541964
4 102.00 0.00 93.00 0.00 57.00 0.00 66.00 0.00 0.0231387
4 82.50 0.00 81.00 0.00 76.50 0.00 78.00 0.00 0.718097
4 87.00 0.00 84.00 0.00 72.00 0.00 75.00 0.00 0.112696
4 93.00 0.00 84.00 0.00 66.00 0.00 75.00 0.00 0.320695
4 90.00 0.00 87.00 0.00 69.00 0.00 72.00 0.00 0.0211055
4 84.00 0.00 81.00 0.00 75.00 0.00 78.00 0.00 1.39491
4 87.00 0.00 85.50 0.00 72.00 0.00 73.50 0.00 0.0175716
4 84.00 0.00 82.50 0.00 75.00 0.00 76.50 0.00 0.127966
4 85.50 0.00 84.00 0.00 73.50 0.00 75.00 0.00 0.0404767
4 117.00 0.00 102.00 0.00 42.00 0.00 57.00 0.00 0.0106436
4 102.00 0.00 87.00 0.00 57.00 0.00 72.00 0.00 0.153008
4 111.00 0.00 102.00 0.00 48.00 0.00 57.00 0.00 0.0046632
4 93.00 0.00 90.00 0.00 66.00 0.00 69.00 0.00 0.00920953
4 82.50 0.00 81.00 0.00 78.00 0.00 79.50 0.00 4.08059
4 85.50 0.00 84.00 0.00 75.00 0.00 76.50 0.00 0.0690232
4 87.00 0.00 85.50 0.00 73.50 0.00 75.00 0.00 0.0269032
4 84.00 0.00 82.50 0.00 76.50 0.00 78.00 0.00 0.243571
4 111.00 0.00 96.00 0.00 51.00 0.00 66.00 0.00 0.0303462
4 105.00 0.00 99.00 0.00 57.00 0.00 63.00 0.00 0.00496015
4 99.00 0.00 90.00 0.00 63.00 0.00 72.00 0.00 0.0599117
4 90.00 0.00 84.00 0.00 72.00 0.00 78.00 0.00 0.56815
4 117.00 0.00 108.00 0.00 45.00 0.00 54.00 0.00 0.00291137
4 84.00 0.00 82.50 0.00 78.00 0.00 79.50 0.00 0.785479
4 87.00 0.00 84.00 0.00 75.00 0.00 78.00 0.00 0.295189
4 105.00 0.00 93.00 0.00 57.00 0.00 69.00 0.00 0.0423816
4 87.00 0.00 85.50 0.00 75.00 0.00 76.50 0.00 0.0444456
4 111.00 0.00 105.00 0.00 51.00 0.00 57.00 0.00 0.00159886
4 108.00 0.00 102.00 0.00 54.00 0.00 60.00 0.00 0.0028041
4 96.00 0.00 90.00 0.00 66.00 0.00 72.00 0.00 0.0361925
4 93.00 0.00 87.00 0.00 69.00 0.00 75.00 0.00 0.11216
4 111.00 0.00 99.00 0.00 51.00 0.00 63.00 0.00 0.0142947
4 99.00 0.00 93.00 0.00 63.00 0.00 69.00 0.00 0.0173618
4 88.50 0.00 87.00 0.00 73.50 0.00 75.00 0.00 0.0167517
4 93.00 0.00 90.00 0.00 69.00 0.00 72.00 0.00 0.0121335
4 90.00 0.00 87.00 0.00 72.00 0.00 75.00 0.00 0.0504665
4 117.00 0.00 105.00 0.00 45.00 0.00 57.00 0.00 0.00656441
4 108.00 0.00 99.00 0.00 54.00 0.00 63.00 0.00 0.00915762
4 85.50 0.00 84.00 0.00 76.50 0.00 78.00 0.00 0.112476
4 96.00 0.00 93.00 0.00 66.00 0.00 69.00 0.00 0.00570954
4 99.00 0.00 87.00 0.00 63.00 0.00 75.00 0.00 0.210009
4 102.00 0.00 96.00 0.00 60.00 0.00 66.00 0.00 0.0081497
4 85.50 0.00 84.00 0.00 78.00 0.00 79.50 0.00 0.278633
4 88.50 0.00 87.00 0.00 75.00 0.00 76.50 0.00 0.0261167
4 84.00 0.00 82.50 0.00 79.50 0.00 81.00 0.00 3.94091
4 87.00 0.00 85.50 0.00 76.50 0.00 78.00 0.00 0.0664333
4 90.00 0.00 87.00 0.00 75.00 0.00 78.00 0.00 0.107555
4 87.00 0.00 84.00 0.00 78.00 0.00 81.00 0.00 1.6333
4 93.00 0.00 90.00 0.00 72.00 0.00 75.00 0.00 0.026365
4 90.00 0.00 88.50 0.00 75.00 0.00 76.50 0.00 0.0181926
4 87.00 0.00 85.50 0.00 78.00 0.00 79.50 0.00 0.145265
4 114.00 0.00 105.00 0.00 51.00 0.00 60.00 0.00 0.0053736
4 85.50 0.00 84.00 0.00 79.50 0.00 81.00 0.00 0.842844
4 96.00 0.00 93.00 0.00 69.00 0.00 72.00 0.00 0.0068069
4 105.00 0.00 90.00 0.00 60.00 0.00 75.00 0.00 0.145979
4 120.00 0.00 105.00 0.00 45.00 0.00 60.00 0.00 0.0115707
4 88.50 0.00 87.00 0.00 76.50 0.00 78.00 0.00 0.0368908
4 96.00 0.00 87.00 0.00 69.00 0.00 78.00 0.00 0.320024
4 105.00 0.00 96.00 0.00 60.00 0.00 69.00 0.00 0.0195696
4 85.50 0.00 84.00 0.00 81.00 0.00 82.50 0.00 3.72668
4 88.50 0.00 87.00 0.00 78.00 0.00 79.50 0.00 0.0728891
4 90.00 0.00 88.50 0.00 76.50 0.00 78.00 0.00 0.024047
4 87.00 0.00 85.50 0.00 79.50 0.00 81.00 0.00 0.363248
4 90.00 0.00 88.50 0.00 78.00 0.00 79.50 0.00 0.0454399
4 87.00 0.00 85.50 0.00 81.00 0.00 82.50 0.00 0.913771
4 114.00 0.00 102.00 0.00 54.00 0.00 66.00 0.00 0.0142847
4 105.00 0.00 99.00 0.00 63.00 0.00 69.00 0.00 0.00739323
4 102.00 0.00 96.00 0.00 66.00 0.00 72.00 0.00 0.0133745
4 102.00 0.00 93.00 0.00 66.00 0.00 75.00 0.00 0.0562662
4 108.00 0.00 96.00 0.00 60.00 0.00 72.00 0.00 0.0345895
4 93.00 0.00 90.00 0.00 75.00 0.00 78.00 0.00 0.0501204
4 108.00 0.00 102.00 0.00 60.00 0.00 66.00 0.00 0.00436016
4 93.00 0.00 87.00 0.00 75.00 0.00 81.00 0.00 0.670069
4 111.00 0.00 105.00 0.00 57.00 0.00 63.00 0.00 0.00278308
4 96.00 0.00 90.00 0.00 72.00 0.00 78.00 0.00 0.118456
4 111.00 0.00 102.00 0.00 57.00 0.00 66.00 0.00 0.00904318
4 88.50 0.00 87.00 0.00 79.50 0.00 81.00 0.00 0.160317
4 99.00 0.00 96.00 0.00 69.00 0.00 72.00 0.00 0.00354451
4 99.00 0.00 93.00 0.00 69.00 0.00 75.00 0.00 0.03446
4 90.00 0.00 87.00 0.00 78.00 0.00 81.00 0.00 0.372596
4 114.00 0.00 108.00 0.00 54.00 0.00 60.00 0.00 0.00204768
4 120.00 0.00 111.00 0.00 48.00 0.00 57.00 0.00 0.00274925
4 114.00 0.00 99.00 0.00 54.00 0.00 69.00 0.00 0.0291444
4 120.00 0.00 108.00 0.00 48.00 0.00 60.00 0.00 0.00728948
4 102.00 0.00 90.00 0.00 66.00 0.00 78.00 0.00 0.20293
4 96.00 0.00 93.00 0.00 72.00 0.00 75.00 0.00 0.0146446
4 88.50 0.00 87.00 0.00 81.00 0.00 82.50 0.00 0.313611
4 90.00 0.00 88.50 0.00 79.50 0.00 81.00 0.00 0.0916203
4 87.00 0.00 85.50 0.00 82.50 0.00 84.00 0.00 4.02832
4 93.00 0.00 90.00 0.00 78.00 0.00 81.00 0.00 0.13774
4 117.00 0.00 108.00 0.00 54.00 0.00 63.00 0.00 0.00487992
4 88.50 0.00 87.00 0.00 82.50 0.00 84.00 0.00 0.746596
4 108.00 0.00 93.00 0.00 63.00 0.00 78.00 0.00 0.138266
4 96.00 0.00 93.00 0.00 75.00 0.00 78.00 0.00 0.0252103
4 90.00 0.00 87.00 0.00 81.00 0.00 84.00 0.00 1.53261
4 108.00 0.00 99.00 0.00 63.00 0.00 72.00 0.00 0.016798
4 90.00 0.00 88.50 0.00 81.00 0.00 82.50 0.00 0.160284
4 99.00 0.00 90.00 0.00 72.00 0.00 81.00 0.00 0.364371
4 99.00 0.00 96.00 0.00 72.00 0.00 75.00 0.00 0.00731058
4 88.50 0.00 87.00 0.00 84.00 0.00 85.50 0.00 3.74277
4 90.00 0.00 88.50 0.00 82.50 0.00 84.00 0.00 0.30808
4 96.00 0.00 93.00 0.00 78.00 0.00 81.00 0.00 0.0598784
4 99.00 0.00 96.00 0.00 75.00 0.00 78.00 0.00 0.0121699
4 117.00 0.00 111.00 0.00 57.00 0.00 63.00 0.00 0.00143505
4 105.00 0.00 93.00 0.00 69.00 0.00 81.00 0.00 0.213356
4 114.00 0.00 105.00 0.00 60.00 0.00 69.00 0.00 0.00881427
4 105.00 0.00 99.00 0.00 69.00 0.00 75.00 0.00 0.0131654
4 102.00 0.00 96.00 0.00 72.00 0.00 78.00 0.00 0.0335772
4 90.00 0.00 88.50 0.00 84.00 0.00 85.50 0.00 0.81941
4 96.00 0.00 90.00 0.00 78.00 0.00 84.00 0.00 0.705489
4 117.00 0.00 105.00 0.00 57.00 0.00 69.00 0.00 0.013817
4 117.00 0.00 102.00 0.00 57.00 0.00 72.00 0.00 0.0269363
4 111.00 0.00 105.00 0.00 63.00 0.00 69.00 0.00 0.0044869
4 111.00 0.00 99.00 0.00 63.00 0.00 75.00 0.00 0.0338768
4 114.00 0.00 108.00 0.00 60.00 0.00 66.00 0.00 0.00254767
4 93.00 0.00 90.00 0.00 81.00 0.00 84.00 0.00 0.376489
4 99.00 0.00 93.00 0.00 75.00 0.00 81.00 0.00 0.12517
4 105.00 0.00 96.00 0.00 69.00 0.00 78.00 0.00 0.0526064
4 102.00 0.00 99.00 0.00 72.00 0.00 75.00 0.00 0.0042673
4 108.00 0.00 102.00 0.00 66.00 0.00 72.00 0.00 0.00635
4 90.00 0.00 88.50 0.00 85.50 0.00 87.00 0.00 3.90125
4 102.00 0.00 93.00 0.00 75.00 0.00 84.00 0.00 0.35452
4 102.00 0.00 99.00 0.00 75.00 0.00 78.00 0.00 0.00667999
4 93.00 0.00 90.00 0.00 84.00 0.00 87.00 0.00 1.68034
4 120.00 0.00 111.00 0.00 57.00 0.00 66.00 0.00 0.0045167
4 96.00 0.00 93.00 0.00 81.00 0.00 84.00 0.00 0.129526
4 99.00 0.00 96.00 0.00 78.00 0.00 81.00 0.00 0.025947
4 111.00 0.00 96.00 0.00 66.00 0.00 81.00 0.00 0.139172
4 111.00 0.00 102.00 0.00 66.00 0.00 75.00 0.00 0.0166869
4 114.00 0.00 108.00 0.00 66.00 0.00 72.00 0.00 0.00394156
4 99.00 0.00 93.00 0.00 81.00 0.00 87.00 0.00 0.654434
4 105.00 0.00 99.00 0.00 75.00 0.00 81.00 0.00 0.0372312
4 120.00 0.00 108.00 0.00 60.00 0.00 72.00 0.00 0.0123535
4 120.00 0.00 114.00 0.00 60.00 0.00 66.00 0.00 0.00159109
4 108.00 0.00 99.00 0.00 72.00 0.00 81.00 0.00 0.0590017
4 114.00 0.00 102.00 0.00 66.00 0.00 78.00 0.00 0.034329
4 117.00 0.00 111.00 0.00 63.00 0.00 69.00 0.00 0.00202853
4 120.00 0.00 105.00 0.00 60.00 0.00 75.00 0.00 0.0255577
4 96.00 0.00 93.00 0.00 84.00 0.00 87.00 0.00 0.362877
4 102.00 0.00 96.00 0.00 78.00 0.00 84.00 0.00 0.117354
4 111.00 0.00 105.00 0.00 69.00 0.00 75.00 0.00 0.00625917
4 99.00 0.00 96.00 0.00 81.00 0.00 84.00 0.00 0.0488513
4 117.00 0.00 108.00 0.00 63.00 0.00 72.00 0.00 0.007969
4 105.00 0.00 102.00 0.00 75.00 0.00 78.00 0.00 0.00477936
4 102.00 0.00 99.00 0.00 78.00 0.00 81.00 0.00 0.0147316
4 108.00 0.00 96.00 0.00 72.00 0.00 84.00 0.00 0.206178
4 108.00 0.00 102.00 0.00 72.00 0.00 78.00 0.00 0.0142641
4 114.00 0.00 105.00 0.00 69.00 0.00 78.00 0.00 0.0174933
4 99.00 0.00 96.00 0.00 84.00 0.00 87.00 0.00 0.111024
4 105.00 0.00 96.00 0.00 78.00 0.00 87.00 0.00 0.330489
4 105.00 0.00 102.00 0.00 78.00 0.00 81.00 0.00 0.00905121
4 102.00 0.00 99.00 0.00 81.00 0.00 84.00 0.00 0.0249283
4 114.00 0.00 99.00 0.00 69.00 0.00 84.00 0.00 0.143787
4 96.00 0.00 93.00 0.00 87.00 0.00 90.00 0.00 1.69144
4 111.00 0.00 99.00 0.00 75.00 0.00 87.00 0.00 0.210445
4 105.00 0.00 102.00 0.00 81.00 0.00 84.00 0.00 0.0147891
4 102.00 0.00 99.00 0.00 84.00 0.00 87.00 0.00 0.0489225
4 114.00 0.00 108.00 0.00 72.00 0.00 78.00 0.00 0.0076697
4 117.00 0.00 105.00 0.00 69.00 0.00 81.00 0.00 0.0369455
4 117.00 0.00 111.00 0.00 69.00 0.00 75.00 0.00 0.0038176
4 102.00 0.00 96.00 0.00 84.00 0.00 90.00 0.00 0.600205
4 111.00 0.00 105.00 0.00 75.00 0.00 81.00 0.00 0.0158819
4 111.00 0.00 102.00 0.00 75.00 0.00 84.00 0.00 0.0607418
4 120.00 0.00 114.00 0.00 66.00 0.00 72.00 0.00 0.00223951
4 99.00 0.00 96.00 0.00 87.00 0.00 90.00 0.00 0.322488
4 105.00 0.00 99.00 0.00 81.00 0.00 87.00 0.00 0.116978
4 108.00 0.00 105.00 0.00 78.00 0.00 81.00 0.00 0.00533865
4 108.00 0.00 102.00 0.00 78.00 0.00 84.00 0.00 0.038449
4 120.00 0.00 111.00 0.00 66.00 0.00 75.00 0.00 0.00758398
4 117.00 0.00 102.00 0.00 72.00 0.00 87.00 0.00 0.149245
4 108.00 0.00 105.00 0.00 81.00 0.00 84.00 0.00 0.00805044
4 102.00 0.00 99.00 0.00 87.00 0.00 90.00 0.00 0.114318
4 117.00 0.00 108.00 0.00 72.00 0.00 81.00 0.00 0.0202808
4 108.00 0.00 99.00 0.00 81.00 0.00 90.00 0.00 0.335793
4 105.00 0.00 102.00 0.00 84.00 0.00 87.00 0.00 0.0259881
4 99.00 0.00 96.00 0.00 90.00 0.00 93.00 0.00 1.3861
4 111.00 0.00 105.00 0.00 81.00 0.00 87.00 0.00 0.0375985
4 108.00 0.00 102.00 0.00 84.00 0.00 90.00 0.00 0.120646
4 114.00 0.00 108.00 0.00 78.00 0.00 84.00 0.00 0.017663
4 108.00 0.00 105.00 0.00 84.00 0.00 87.00 0.00 0.0138777
4 105.00 0.00 102.00 0.00 87.00 0.00 90.00 0.00 0.0527441
4 111.00 0.00 108.00 0.00 81.00 0.00 84.00 0.00 0.00513399
4 114.00 0.00 102.00 0.00 78.00 0.00 90.00 0.00 0.220996
4 117.00 0.00 111.00 0.00 75.00 0.00 81.00 0.00 0.00805297
4 120.00 0.00 114.00 0.00 72.00 0.00 78.00 0.00 0.00439203
4 114.00 0.00 105.00 0.00 78.00 0.00 87.00 0.00 0.0629772
4 105.00 0.00 99.00 0.00 87.00 0.00 93.00 0.00 0.579807
4 102.00 0.00 99.00 0.00 90.00 0.00 93.00 0.00 0.296488
4 120.00 0.00 108.00 0.00 72.00 0.00 84.00 0.00 0.040374
4 111.00 0.00 108.00 0.00 84.00 0.00 87.00 0.00 0.00841045
4 120.00 0.00 105.00 0.00 75.00 0.00 90.00 0.00 0.153674
4 111.00 0.00 102.00 0.00 84.00 0.00 93.00 0.00 0.338166
4 120.00 0.00 111.00 0.00 75.00 0.00 84.00 0.00 0.0206883
4 105.00 0.00 102.00 0.00 90.00 0.00 93.00 0.00 0.113196
4 102.00 0.00 99.00 0.00 93.00 0.00 96.00 0.00 1.22112
4 108.00 0.00 105.00 0.00 87.00 0.00 90.00 0.00 0.0259312
4 108.00 0.00 102.00 0.00 90.00 0.00 96.00 0.00 0.550802
4 111.00 0.00 105.00 0.00 87.00 0.00 93.00 0.00 0.120397
4 114.00 0.00 111.00 0.00 84.00 0.00 87.00 0.00 0.00535996
4 114.00 0.00 108.00 0.00 84.00 0.00 90.00 0.00 0.0418374
4 105.00 0.00 102.00 0.00 93.00 0.00 96.00 0.00 0.283513
4 117.00 0.00 105.00 0.00 81.00 0.00 93.00 0.00 0.222061
4 111.00 0.00 108.00 0.00 87.00 0.00 90.00 0.00 0.0149687
4 120.00 0.00 114.00 0.00 78.00 0.00 84.00 0.00 0.00887056
4 117.00 0.00 111.00 0.00 81.00 0.00 87.00 0.00 0.0172393
4 117.00 0.00 108.00 0.00 81.00 0.00 90.00 0.00 0.0652523
4 108.00 0.00 105.00 0.00 90.00 0.00 93.00 0.00 0.049608
4 105.00 0.00 102.00 0.00 96.00 0.00 99.00 0.00 1.02609
4 114.00 0.00 105.00 0.00 87.00 0.00 96.00 0.00 0.331642
4 114.00 0.00 111.00 0.00 87.00 0.00 90.00 0.00 0.00976953
4 108.00 0.00 105.00 0.00 93.00 0.00 96.00 0.00 0.101889
4 111.00 0.00 108.00 0.00 90.00 0.00 93.00 0.00 0.0275831
4 111.00 0.00 105.00 0.00 93.00 0.00 99.00 0.00 0.468518
4 108.00 0.00 105.00 0.00 96.00 0.00 99.00 0.00 0.224475
4 114.00 0.00 108.00 0.00 90.00 0.00 96.00 0.00 0.125305
4 120.00 0.00 111.00 0.00 84.00 0.00 93.00 0.00 0.0691249
4 117.00 0.00 114.00 0.00 87.00 0.00 90.00 0.00 0.00477397
4 111.00 0.00 108.00 0.00 93.00 0.00 96.00 0.00 0.0500015
4 114.00 0.00 111.00 0.00 90.00 0.00 93.00 0.00 0.016263
4 120.00 0.00 108.00 0.00 84.00 0.00 96.00 0.00 0.228656
4 120.00 0.00 114.00 0.00 84.00 0.00 90.00 0.00 0.0169384
4 117.00 0.00 111.00 0.00 87.00 0.00 93.00 0.00 0.0432715
4 108.00 0.00 105.00 0.00 99.00 0.00 102.00 0.00 1.10889
4 111.00 0.00 108.00 0.00 96.00 0.00 99.00 0.00 0.089891
4 114.00 0.00 111.00 0.00 93.00 0.00 96.00 0.00 0.028226
4 117.00 0.00 108.00 0.00 90.00 0.00 99.00 0.00 0.3122
4 117.00 0.00 114.00 0.00 90.00 0.00 93.00 0.00 0.0105175
4 111.00 0.00 108.00 0.00 99.00 0.00 102.00 0.00 0.244725
4 117.00 0.00 111.00 0.00 93.00 0.00 99.00 0.00 0.113853
4 114.00 0.00 111.00 0.00 96.00 0.00 99.00 0.00 0.0452251
4 120.00 0.00 117.00 0.00 90.00 0.00 93.00 0.00 0.00537152
4 117.00 0.00 114.00 0.00 93.00 0.00 96.00 0.00 0.0155045
4 114.00 0.00 108.00 0.00 96.00 0.00 102.00 0.00 0.482292
4 120.00 0.00 114.00 0.00 90.00 0.00 96.00 0.00 0.0427421
4 114.00 0.00 111.00 0.00 99.00 0.00 102.00 0.00 0.0990232
4 120.00 0.00 111.00 0.00 93.00 0.00 102.00 0.00 0.307739
4 120.00 0.00 117.00 0.00 93.00 0.00 96.00 0.00 0.00929702
4 117.00 0.00 114.00 0.00 96.00 0.00 99.00 0.00 0.0226702
4 111.00 0.00 108.00 0.00 102.00 0.00 105.00 0.00 1.43338
4 117.00 0.00 111.00 0.00 99.00 0.00 105.00 0.00 0.509726
4 114.00 0.00 111.00 0.00 102.00 0.00 105.00 0.00 0.268323
4 120.00 0.00 114.00 0.00 96.00 0.00 102.00 0.00 0.106448
4 120.00 0.00 117.00 0.00 96.00 0.00 99.00 0.00 0.0134439
4 117.00 0.00 114.00 0.00 99.00 0.00 102.00 0.00 0.0443397
4 117.00 0.00 114.00 0.00 102.00 0.00 105.00 0.00 0.0955754
4 120.00 0.00 117.00 0.00 99.00 0.00 102.00 0.00 0.0242445
4 114.00 0.00 111.00 0.00 105.00 0.00 108.00 0.00 1.35686
4 120.00 0.00 114.00 0.00 102.00 0.00 108.00 0.00 0.496908
4 117.00 0.00 114.00 0.00 105.00 0.00 108.00 0.00 0.250847
4 120.00 0.00 117.00 0.00 102.00 0.00 105.00 0.00 0.0470872
4 120.00 0.00 117.00 0.00 105.00 0.00 108.00 0.00 0.101658
4 117.00 0.00 114.00 0.00 108.00 0.00 111.00 0.00 1.27538
4 120.00 0.00 117.00 0.00 108.00 0.00 111.00 0.00 0.271804
4 120.00 0.00 117.00 0.00 111.00 0.00 114.00 0.00 1.37359
0
0
0
0
0
0
0
0
