turrialba mixed_wd
2.00
11
0
Type of measurement (0=app.resistivity,1=resistance)
1
1494
2
0
4 12.00 0.00 8.00 0.00 0.00 0.00 4.00 0.00 2.71859
4 16.00 0.00 12.00 0.00 0.00 0.00 4.00 0.00 0.874603
4 16.00 0.00 12.00 0.00 4.00 0.00 8.00 0.00 2.88838
4 20.00 0.00 16.00 0.00 0.00 0.00 4.00 0.00 0.346292
4 24.00 0.00 20.00 0.00 0.00 0.00 4.00 0.00 0.253743
4 20.00 0.00 16.00 0.00 4.00 0.00 8.00 0.00 0.790774
4 24.00 0.00 16.00 0.00 0.00 0.00 8.00 0.00 1.87082
4 24.00 0.00 20.00 0.00 4.00 0.00 8.00 0.00 0.478643
4 20.00 0.00 16.00 0.00 8.00 0.00 12.00 0.00 2.04447
4 28.00 0.00 24.00 0.00 0.00 0.00 4.00 0.00 0.118877
4 28.00 0.00 20.00 0.00 4.00 0.00 12.00 0.00 1.86711
4 28.00 0.00 24.00 0.00 4.00 0.00 8.00 0.00 0.195141
4 32.00 0.00 24.00 0.00 0.00 0.00 8.00 0.00 0.457672
4 32.00 0.00 28.00 0.00 0.00 0.00 4.00 0.00 0.0565339
4 24.00 0.00 20.00 0.00 8.00 0.00 12.00 0.00 0.894077
4 28.00 0.00 24.00 0.00 8.00 0.00 12.00 0.00 0.29737
4 32.00 0.00 28.00 0.00 4.00 0.00 8.00 0.00 0.0846807
4 24.00 0.00 20.00 0.00 12.00 0.00 16.00 0.00 2.91953
4 36.00 0.00 24.00 0.00 0.00 0.00 12.00 0.00 1.03091
4 36.00 0.00 32.00 0.00 0.00 0.00 4.00 0.00 0.0361642
4 32.00 0.00 28.00 0.00 8.00 0.00 12.00 0.00 0.117844
4 36.00 0.00 28.00 0.00 4.00 0.00 12.00 0.00 0.322886
4 36.00 0.00 32.00 0.00 4.00 0.00 8.00 0.00 0.0512346
4 28.00 0.00 24.00 0.00 12.00 0.00 16.00 0.00 0.553149
4 40.00 0.00 32.00 0.00 0.00 0.00 8.00 0.00 0.15376
4 40.00 0.00 36.00 0.00 0.00 0.00 4.00 0.00 0.0276284
4 32.00 0.00 24.00 0.00 8.00 0.00 16.00 0.00 1.14884
4 40.00 0.00 28.00 0.00 4.00 0.00 16.00 0.00 0.735716
4 28.00 0.00 24.00 0.00 16.00 0.00 20.00 0.00 3.00257
4 36.00 0.00 32.00 0.00 8.00 0.00 12.00 0.00 0.06737
4 40.00 0.00 36.00 0.00 4.00 0.00 8.00 0.00 0.0361135
4 32.00 0.00 28.00 0.00 12.00 0.00 16.00 0.00 0.178475
4 44.00 0.00 40.00 0.00 4.00 0.00 8.00 0.00 0.0214179
4 48.00 0.00 36.00 0.00 0.00 0.00 12.00 0.00 0.216614
4 36.00 0.00 32.00 0.00 12.00 0.00 16.00 0.00 0.0914861
4 32.00 0.00 28.00 0.00 16.00 0.00 20.00 0.00 0.54002
4 40.00 0.00 32.00 0.00 8.00 0.00 16.00 0.00 0.263793
4 48.00 0.00 40.00 0.00 0.00 0.00 8.00 0.00 0.0633958
4 40.00 0.00 36.00 0.00 8.00 0.00 12.00 0.00 0.0453867
4 44.00 0.00 36.00 0.00 4.00 0.00 12.00 0.00 0.130172
4 36.00 0.00 28.00 0.00 12.00 0.00 20.00 0.00 1.02433
4 48.00 0.00 32.00 0.00 0.00 0.00 16.00 0.00 0.574019
4 44.00 0.00 32.00 0.00 8.00 0.00 20.00 0.00 0.70965
4 36.00 0.00 32.00 0.00 16.00 0.00 20.00 0.00 0.21212
4 40.00 0.00 36.00 0.00 12.00 0.00 16.00 0.00 0.0573636
4 44.00 0.00 40.00 0.00 8.00 0.00 12.00 0.00 0.0259184
4 32.00 0.00 28.00 0.00 20.00 0.00 24.00 0.00 3.35539
4 40.00 0.00 36.00 0.00 16.00 0.00 20.00 0.00 0.116676
4 52.00 0.00 44.00 0.00 4.00 0.00 12.00 0.00 0.0550638
4 40.00 0.00 32.00 0.00 16.00 0.00 24.00 0.00 1.37356
4 52.00 0.00 36.00 0.00 4.00 0.00 20.00 0.00 0.53669
4 44.00 0.00 40.00 0.00 12.00 0.00 16.00 0.00 0.0311888
4 44.00 0.00 36.00 0.00 12.00 0.00 20.00 0.00 0.264417
4 56.00 0.00 48.00 0.00 0.00 0.00 8.00 0.00 0.0413989
4 48.00 0.00 40.00 0.00 8.00 0.00 16.00 0.00 0.0915076
4 48.00 0.00 44.00 0.00 8.00 0.00 12.00 0.00 0.0156127
4 36.00 0.00 32.00 0.00 20.00 0.00 24.00 0.00 0.721203
4 52.00 0.00 40.00 0.00 4.00 0.00 16.00 0.00 0.167536
4 44.00 0.00 40.00 0.00 16.00 0.00 20.00 0.00 0.057375
4 60.00 0.00 48.00 0.00 0.00 0.00 12.00 0.00 0.091308
4 40.00 0.00 36.00 0.00 20.00 0.00 24.00 0.00 0.32173
4 36.00 0.00 32.00 0.00 24.00 0.00 28.00 0.00 3.47776
4 48.00 0.00 36.00 0.00 12.00 0.00 24.00 0.00 0.854055
4 48.00 0.00 44.00 0.00 12.00 0.00 16.00 0.00 0.017959
4 60.00 0.00 40.00 0.00 0.00 0.00 20.00 0.00 0.425414
4 56.00 0.00 44.00 0.00 8.00 0.00 20.00 0.00 0.157492
4 64.00 0.00 56.00 0.00 0.00 0.00 8.00 0.00 0.0294144
4 44.00 0.00 36.00 0.00 20.00 0.00 28.00 0.00 1.42765
4 56.00 0.00 40.00 0.00 8.00 0.00 24.00 0.00 0.581651
4 56.00 0.00 48.00 0.00 8.00 0.00 16.00 0.00 0.0518819
4 48.00 0.00 44.00 0.00 16.00 0.00 20.00 0.00 0.0302885
4 40.00 0.00 36.00 0.00 24.00 0.00 28.00 0.00 0.709062
4 48.00 0.00 40.00 0.00 16.00 0.00 24.00 0.00 0.306686
4 60.00 0.00 52.00 0.00 4.00 0.00 12.00 0.00 0.0389497
4 64.00 0.00 48.00 0.00 0.00 0.00 16.00 0.00 0.157332
4 52.00 0.00 44.00 0.00 12.00 0.00 20.00 0.00 0.0859851
4 44.00 0.00 40.00 0.00 20.00 0.00 24.00 0.00 0.145291
4 52.00 0.00 48.00 0.00 12.00 0.00 16.00 0.00 0.0143954
4 40.00 0.00 36.00 0.00 28.00 0.00 32.00 0.00 3.51562
4 52.00 0.00 48.00 0.00 16.00 0.00 20.00 0.00 0.0222275
4 52.00 0.00 40.00 0.00 16.00 0.00 28.00 0.00 0.820956
4 64.00 0.00 52.00 0.00 4.00 0.00 16.00 0.00 0.0834264
4 64.00 0.00 44.00 0.00 4.00 0.00 24.00 0.00 0.477217
4 44.00 0.00 40.00 0.00 24.00 0.00 28.00 0.00 0.250952
4 48.00 0.00 44.00 0.00 20.00 0.00 24.00 0.00 0.0726208
4 56.00 0.00 52.00 0.00 16.00 0.00 20.00 0.00 0.0176586
4 72.00 0.00 60.00 0.00 0.00 0.00 12.00 0.00 0.0569295
4 48.00 0.00 40.00 0.00 24.00 0.00 32.00 0.00 1.0742
4 56.00 0.00 48.00 0.00 16.00 0.00 24.00 0.00 0.130469
4 64.00 0.00 56.00 0.00 8.00 0.00 16.00 0.00 0.0332295
4 44.00 0.00 40.00 0.00 28.00 0.00 32.00 0.00 0.523091
4 52.00 0.00 44.00 0.00 20.00 0.00 28.00 0.00 0.313133
4 68.00 0.00 52.00 0.00 4.00 0.00 20.00 0.00 0.151432
4 72.00 0.00 64.00 0.00 0.00 0.00 8.00 0.00 0.0224945
4 48.00 0.00 44.00 0.00 24.00 0.00 28.00 0.00 0.113949
4 60.00 0.00 52.00 0.00 12.00 0.00 20.00 0.00 0.0520691
4 52.00 0.00 48.00 0.00 20.00 0.00 24.00 0.00 0.0508577
4 60.00 0.00 48.00 0.00 12.00 0.00 24.00 0.00 0.206017
4 60.00 0.00 44.00 0.00 12.00 0.00 28.00 0.00 0.605055
4 68.00 0.00 60.00 0.00 4.00 0.00 12.00 0.00 0.0272376
4 68.00 0.00 56.00 0.00 8.00 0.00 20.00 0.00 0.076979
4 44.00 0.00 40.00 0.00 32.00 0.00 36.00 0.00 3.04713
4 68.00 0.00 48.00 0.00 8.00 0.00 28.00 0.00 0.531918
4 48.00 0.00 44.00 0.00 28.00 0.00 32.00 0.00 0.183898
4 52.00 0.00 48.00 0.00 24.00 0.00 28.00 0.00 0.074357
4 56.00 0.00 44.00 0.00 20.00 0.00 32.00 0.00 0.765109
4 56.00 0.00 52.00 0.00 20.00 0.00 24.00 0.00 0.038271
4 60.00 0.00 52.00 0.00 20.00 0.00 28.00 0.00 0.152804
4 48.00 0.00 44.00 0.00 32.00 0.00 36.00 0.00 0.495963
4 56.00 0.00 48.00 0.00 24.00 0.00 32.00 0.00 0.303796
4 72.00 0.00 64.00 0.00 8.00 0.00 16.00 0.00 0.0238691
4 72.00 0.00 56.00 0.00 8.00 0.00 24.00 0.00 0.173635
4 76.00 0.00 64.00 0.00 4.00 0.00 16.00 0.00 0.0465235
4 52.00 0.00 48.00 0.00 28.00 0.00 32.00 0.00 0.105952
4 64.00 0.00 56.00 0.00 16.00 0.00 24.00 0.00 0.0701857
4 80.00 0.00 64.00 0.00 0.00 0.00 16.00 0.00 0.0735996
4 60.00 0.00 56.00 0.00 20.00 0.00 24.00 0.00 0.0258077
4 56.00 0.00 52.00 0.00 24.00 0.00 28.00 0.00 0.0526203
4 76.00 0.00 68.00 0.00 4.00 0.00 12.00 0.00 0.0181004
4 64.00 0.00 52.00 0.00 16.00 0.00 28.00 0.00 0.242046
4 64.00 0.00 48.00 0.00 16.00 0.00 32.00 0.00 0.642197
4 80.00 0.00 72.00 0.00 0.00 0.00 8.00 0.00 0.0127357
4 68.00 0.00 60.00 0.00 12.00 0.00 20.00 0.00 0.031713
4 52.00 0.00 44.00 0.00 28.00 0.00 36.00 0.00 1.00649
4 80.00 0.00 60.00 0.00 0.00 0.00 20.00 0.00 0.13743
4 52.00 0.00 48.00 0.00 32.00 0.00 36.00 0.00 0.217957
4 60.00 0.00 48.00 0.00 24.00 0.00 36.00 0.00 0.799343
4 60.00 0.00 56.00 0.00 24.00 0.00 28.00 0.00 0.0342376
4 56.00 0.00 52.00 0.00 28.00 0.00 32.00 0.00 0.0697007
4 48.00 0.00 44.00 0.00 36.00 0.00 40.00 0.00 2.43007
4 72.00 0.00 60.00 0.00 12.00 0.00 24.00 0.00 0.0958783
4 84.00 0.00 72.00 0.00 0.00 0.00 12.00 0.00 0.0287554
4 72.00 0.00 52.00 0.00 12.00 0.00 32.00 0.00 0.549588
4 46.00 0.00 44.00 0.00 40.00 0.00 42.00 0.00 5.9951
4 56.00 0.00 48.00 0.00 32.00 0.00 40.00 0.00 1.15497
4 68.00 0.00 60.00 0.00 20.00 0.00 28.00 0.00 0.0816782
4 80.00 0.00 68.00 0.00 8.00 0.00 20.00 0.00 0.0399034
4 80.00 0.00 72.00 0.00 8.00 0.00 16.00 0.00 0.0129344
4 84.00 0.00 68.00 0.00 4.00 0.00 20.00 0.00 0.0650686
4 72.00 0.00 64.00 0.00 16.00 0.00 24.00 0.00 0.0444976
4 52.00 0.00 48.00 0.00 36.00 0.00 40.00 0.00 0.557545
4 60.00 0.00 52.00 0.00 28.00 0.00 36.00 0.00 0.312063
4 68.00 0.00 56.00 0.00 20.00 0.00 32.00 0.00 0.240326
4 84.00 0.00 64.00 0.00 4.00 0.00 24.00 0.00 0.142535
4 64.00 0.00 60.00 0.00 24.00 0.00 28.00 0.00 0.0260886
4 64.00 0.00 56.00 0.00 24.00 0.00 32.00 0.00 0.136038
4 76.00 0.00 68.00 0.00 12.00 0.00 20.00 0.00 0.0197583
4 84.00 0.00 76.00 0.00 4.00 0.00 12.00 0.00 0.011986
4 68.00 0.00 52.00 0.00 20.00 0.00 36.00 0.00 0.683867
4 60.00 0.00 56.00 0.00 28.00 0.00 32.00 0.00 0.0428447
4 56.00 0.00 52.00 0.00 32.00 0.00 36.00 0.00 0.126717
4 76.00 0.00 60.00 0.00 12.00 0.00 28.00 0.00 0.182899
4 48.00 0.00 46.00 0.00 40.00 0.00 42.00 0.00 1.23552
4 48.00 0.00 46.00 0.00 42.00 0.00 44.00 0.00 5.62841
4 50.00 0.00 48.00 0.00 40.00 0.00 42.00 0.00 0.466829
4 64.00 0.00 60.00 0.00 28.00 0.00 32.00 0.00 0.0312896
4 50.00 0.00 48.00 0.00 42.00 0.00 44.00 0.00 1.38468
4 56.00 0.00 52.00 0.00 36.00 0.00 40.00 0.00 0.250995
4 76.00 0.00 64.00 0.00 16.00 0.00 28.00 0.00 0.101357
4 64.00 0.00 52.00 0.00 28.00 0.00 40.00 0.00 0.846432
4 52.00 0.00 48.00 0.00 40.00 0.00 44.00 0.00 2.56862
4 76.00 0.00 56.00 0.00 16.00 0.00 36.00 0.00 0.553753
4 88.00 0.00 76.00 0.00 4.00 0.00 16.00 0.00 0.0270257
4 60.00 0.00 56.00 0.00 32.00 0.00 36.00 0.00 0.0713122
4 52.00 0.00 50.00 0.00 40.00 0.00 42.00 0.00 0.213435
4 52.00 0.00 50.00 0.00 42.00 0.00 44.00 0.00 0.47788
4 50.00 0.00 48.00 0.00 44.00 0.00 46.00 0.00 6.45871
4 54.00 0.00 52.00 0.00 40.00 0.00 42.00 0.00 0.12621
4 64.00 0.00 60.00 0.00 32.00 0.00 36.00 0.00 0.0489245
4 60.00 0.00 56.00 0.00 36.00 0.00 40.00 0.00 0.123216
4 54.00 0.00 52.00 0.00 42.00 0.00 44.00 0.00 0.231903
4 68.00 0.00 64.00 0.00 28.00 0.00 32.00 0.00 0.0213764
4 72.00 0.00 56.00 0.00 24.00 0.00 40.00 0.00 0.681875
4 76.00 0.00 68.00 0.00 20.00 0.00 28.00 0.00 0.0464636
4 88.00 0.00 72.00 0.00 8.00 0.00 24.00 0.00 0.0663932
4 88.00 0.00 68.00 0.00 8.00 0.00 28.00 0.00 0.146469
4 96.00 0.00 80.00 0.00 0.00 0.00 16.00 0.00 0.0425458
4 80.00 0.00 72.00 0.00 16.00 0.00 24.00 0.00 0.0223249
4 72.00 0.00 60.00 0.00 24.00 0.00 36.00 0.00 0.243188
4 60.00 0.00 52.00 0.00 36.00 0.00 44.00 0.00 1.15467
4 96.00 0.00 84.00 0.00 0.00 0.00 12.00 0.00 0.0230254
4 52.00 0.00 50.00 0.00 44.00 0.00 46.00 0.00 1.29095
4 56.00 0.00 52.00 0.00 40.00 0.00 44.00 0.00 0.567599
4 80.00 0.00 64.00 0.00 16.00 0.00 32.00 0.00 0.17842
4 84.00 0.00 76.00 0.00 12.00 0.00 20.00 0.00 0.0126647
4 88.00 0.00 80.00 0.00 8.00 0.00 16.00 0.00 0.0113539
4 68.00 0.00 60.00 0.00 28.00 0.00 36.00 0.00 0.13541
4 64.00 0.00 56.00 0.00 32.00 0.00 40.00 0.00 0.322888
4 84.00 0.00 72.00 0.00 12.00 0.00 24.00 0.00 0.0412615
4 72.00 0.00 64.00 0.00 24.00 0.00 32.00 0.00 0.0758275
4 56.00 0.00 54.00 0.00 40.00 0.00 42.00 0.00 0.0783048
4 52.00 0.00 50.00 0.00 46.00 0.00 48.00 0.00 6.92073
4 56.00 0.00 54.00 0.00 42.00 0.00 44.00 0.00 0.128657
4 54.00 0.00 52.00 0.00 44.00 0.00 46.00 0.00 0.46031
4 58.00 0.00 56.00 0.00 40.00 0.00 42.00 0.00 0.0474702
4 54.00 0.00 52.00 0.00 46.00 0.00 48.00 0.00 1.42152
4 80.00 0.00 60.00 0.00 20.00 0.00 40.00 0.00 0.56755
4 58.00 0.00 56.00 0.00 42.00 0.00 44.00 0.00 0.0720307
4 68.00 0.00 56.00 0.00 32.00 0.00 44.00 0.00 0.794099
4 80.00 0.00 68.00 0.00 20.00 0.00 32.00 0.00 0.0975994
4 60.00 0.00 56.00 0.00 40.00 0.00 44.00 0.00 0.209879
4 56.00 0.00 52.00 0.00 44.00 0.00 48.00 0.00 2.65845
4 64.00 0.00 60.00 0.00 36.00 0.00 40.00 0.00 0.0777576
4 60.00 0.00 58.00 0.00 40.00 0.00 42.00 0.00 0.0364306
4 56.00 0.00 54.00 0.00 44.00 0.00 46.00 0.00 0.217609
4 100.00 0.00 80.00 0.00 0.00 0.00 20.00 0.00 0.0640137
4 68.00 0.00 64.00 0.00 32.00 0.00 36.00 0.00 0.031881
4 92.00 0.00 80.00 0.00 8.00 0.00 20.00 0.00 0.0267103
4 54.00 0.00 52.00 0.00 48.00 0.00 50.00 0.00 7.47911
4 58.00 0.00 56.00 0.00 44.00 0.00 46.00 0.00 0.109059
4 60.00 0.00 58.00 0.00 42.00 0.00 44.00 0.00 0.0522826
4 56.00 0.00 54.00 0.00 46.00 0.00 48.00 0.00 0.509152
4 72.00 0.00 64.00 0.00 32.00 0.00 40.00 0.00 0.145849
4 76.00 0.00 60.00 0.00 28.00 0.00 44.00 0.00 0.638896
4 68.00 0.00 64.00 0.00 36.00 0.00 40.00 0.00 0.0480048
4 60.00 0.00 58.00 0.00 44.00 0.00 46.00 0.00 0.0733052
4 100.00 0.00 88.00 0.00 4.00 0.00 16.00 0.00 0.0192406
4 56.00 0.00 54.00 0.00 48.00 0.00 50.00 0.00 1.60805
4 62.00 0.00 60.00 0.00 42.00 0.00 44.00 0.00 0.0358088
4 100.00 0.00 84.00 0.00 4.00 0.00 20.00 0.00 0.0389862
4 88.00 0.00 80.00 0.00 16.00 0.00 24.00 0.00 0.0185529
4 88.00 0.00 76.00 0.00 16.00 0.00 28.00 0.00 0.0502494
4 80.00 0.00 72.00 0.00 24.00 0.00 32.00 0.00 0.0343551
4 76.00 0.00 68.00 0.00 28.00 0.00 36.00 0.00 0.0678263
4 64.00 0.00 60.00 0.00 40.00 0.00 44.00 0.00 0.114343
4 84.00 0.00 76.00 0.00 20.00 0.00 28.00 0.00 0.0273924
4 92.00 0.00 84.00 0.00 12.00 0.00 20.00 0.00 0.0112247
4 64.00 0.00 56.00 0.00 40.00 0.00 48.00 0.00 1.08043
4 68.00 0.00 60.00 0.00 36.00 0.00 44.00 0.00 0.306204
4 76.00 0.00 64.00 0.00 28.00 0.00 40.00 0.00 0.229487
4 84.00 0.00 68.00 0.00 20.00 0.00 36.00 0.00 0.179313
4 58.00 0.00 56.00 0.00 46.00 0.00 48.00 0.00 0.215819
4 72.00 0.00 68.00 0.00 32.00 0.00 36.00 0.00 0.025783
4 92.00 0.00 76.00 0.00 12.00 0.00 28.00 0.00 0.0760079
4 92.00 0.00 72.00 0.00 12.00 0.00 32.00 0.00 0.137909
4 60.00 0.00 56.00 0.00 44.00 0.00 48.00 0.00 0.530547
4 58.00 0.00 56.00 0.00 48.00 0.00 50.00 0.00 0.513207
4 60.00 0.00 58.00 0.00 46.00 0.00 48.00 0.00 0.130283
4 56.00 0.00 54.00 0.00 50.00 0.00 52.00 0.00 7.47204
4 62.00 0.00 60.00 0.00 44.00 0.00 46.00 0.00 0.047432
4 62.00 0.00 60.00 0.00 46.00 0.00 48.00 0.00 0.0790163
4 72.00 0.00 60.00 0.00 36.00 0.00 48.00 0.00 0.794043
4 72.00 0.00 68.00 0.00 36.00 0.00 40.00 0.00 0.0373767
4 64.00 0.00 60.00 0.00 44.00 0.00 48.00 0.00 0.222404
4 104.00 0.00 84.00 0.00 4.00 0.00 24.00 0.00 0.0707504
4 58.00 0.00 56.00 0.00 50.00 0.00 52.00 0.00 1.44157
4 84.00 0.00 64.00 0.00 24.00 0.00 44.00 0.00 0.518321
4 64.00 0.00 62.00 0.00 44.00 0.00 46.00 0.00 0.0365138
4 68.00 0.00 64.00 0.00 40.00 0.00 44.00 0.00 0.0641339
4 60.00 0.00 56.00 0.00 48.00 0.00 52.00 0.00 2.83309
4 96.00 0.00 84.00 0.00 12.00 0.00 24.00 0.00 0.0300331
4 108.00 0.00 96.00 0.00 0.00 0.00 12.00 0.00 0.0194908
4 84.00 0.00 72.00 0.00 24.00 0.00 36.00 0.00 0.0825035
4 60.00 0.00 58.00 0.00 48.00 0.00 50.00 0.00 0.262439
4 64.00 0.00 62.00 0.00 46.00 0.00 48.00 0.00 0.0574239
4 62.00 0.00 60.00 0.00 48.00 0.00 50.00 0.00 0.145013
4 60.00 0.00 58.00 0.00 50.00 0.00 52.00 0.00 0.564741
4 58.00 0.00 56.00 0.00 52.00 0.00 54.00 0.00 7.29809
4 104.00 0.00 92.00 0.00 8.00 0.00 20.00 0.00 0.0178988
4 80.00 0.00 68.00 0.00 32.00 0.00 44.00 0.00 0.210497
4 76.00 0.00 72.00 0.00 36.00 0.00 40.00 0.00 0.0188307
4 84.00 0.00 76.00 0.00 28.00 0.00 36.00 0.00 0.0349603
4 64.00 0.00 62.00 0.00 48.00 0.00 50.00 0.00 0.0985906
4 68.00 0.00 64.00 0.00 44.00 0.00 48.00 0.00 0.107311
4 96.00 0.00 88.00 0.00 16.00 0.00 24.00 0.00 0.0137644
4 72.00 0.00 68.00 0.00 40.00 0.00 44.00 0.00 0.0464647
4 80.00 0.00 64.00 0.00 32.00 0.00 48.00 0.00 0.592124
4 92.00 0.00 80.00 0.00 20.00 0.00 32.00 0.00 0.0556525
4 80.00 0.00 72.00 0.00 32.00 0.00 40.00 0.00 0.0585712
4 96.00 0.00 80.00 0.00 16.00 0.00 32.00 0.00 0.0792949
4 76.00 0.00 68.00 0.00 36.00 0.00 44.00 0.00 0.126757
4 96.00 0.00 76.00 0.00 16.00 0.00 36.00 0.00 0.147142
4 60.00 0.00 58.00 0.00 52.00 0.00 54.00 0.00 1.64903
4 68.00 0.00 60.00 0.00 44.00 0.00 52.00 0.00 1.27949
4 62.00 0.00 60.00 0.00 50.00 0.00 52.00 0.00 0.271556
4 66.00 0.00 64.00 0.00 46.00 0.00 48.00 0.00 0.0336387
4 88.00 0.00 80.00 0.00 24.00 0.00 32.00 0.00 0.0265946
4 88.00 0.00 72.00 0.00 24.00 0.00 40.00 0.00 0.162105
4 92.00 0.00 84.00 0.00 20.00 0.00 28.00 0.00 0.0229761
4 64.00 0.00 60.00 0.00 48.00 0.00 52.00 0.00 0.684162
4 112.00 0.00 96.00 0.00 0.00 0.00 16.00 0.00 0.0307682
4 72.00 0.00 64.00 0.00 40.00 0.00 48.00 0.00 0.291207
4 104.00 0.00 88.00 0.00 8.00 0.00 24.00 0.00 0.0430289
4 60.00 0.00 58.00 0.00 54.00 0.00 56.00 0.00 7.67543
4 66.00 0.00 64.00 0.00 48.00 0.00 50.00 0.00 0.0552485
4 64.00 0.00 62.00 0.00 50.00 0.00 52.00 0.00 0.16724
4 62.00 0.00 60.00 0.00 52.00 0.00 54.00 0.00 0.613754
4 112.00 0.00 100.00 0.00 4.00 0.00 16.00 0.00 0.0171038
4 72.00 0.00 68.00 0.00 44.00 0.00 48.00 0.00 0.071077
4 88.00 0.00 68.00 0.00 28.00 0.00 48.00 0.00 0.487114
4 88.00 0.00 76.00 0.00 28.00 0.00 40.00 0.00 0.0885928
4 68.00 0.00 66.00 0.00 48.00 0.00 50.00 0.00 0.0457521
4 108.00 0.00 88.00 0.00 8.00 0.00 28.00 0.00 0.0767217
4 76.00 0.00 64.00 0.00 40.00 0.00 52.00 0.00 0.824777
4 76.00 0.00 72.00 0.00 40.00 0.00 44.00 0.00 0.0221008
4 62.00 0.00 60.00 0.00 54.00 0.00 56.00 0.00 1.73751
4 66.00 0.00 64.00 0.00 50.00 0.00 52.00 0.00 0.0891879
4 100.00 0.00 88.00 0.00 16.00 0.00 28.00 0.00 0.0325523
4 64.00 0.00 60.00 0.00 52.00 0.00 56.00 0.00 3.32042
4 64.00 0.00 62.00 0.00 52.00 0.00 54.00 0.00 0.318089
4 68.00 0.00 64.00 0.00 48.00 0.00 52.00 0.00 0.262368
4 64.00 0.00 62.00 0.00 54.00 0.00 56.00 0.00 0.649189
4 68.00 0.00 66.00 0.00 50.00 0.00 52.00 0.00 0.0702415
4 62.00 0.00 60.00 0.00 56.00 0.00 58.00 0.00 7.26893
4 66.00 0.00 64.00 0.00 52.00 0.00 54.00 0.00 0.155586
4 80.00 0.00 76.00 0.00 40.00 0.00 44.00 0.00 0.0168904
4 76.00 0.00 72.00 0.00 44.00 0.00 48.00 0.00 0.0317821
4 84.00 0.00 68.00 0.00 36.00 0.00 52.00 0.00 0.619885
4 84.00 0.00 76.00 0.00 36.00 0.00 44.00 0.00 0.0582322
4 116.00 0.00 100.00 0.00 4.00 0.00 20.00 0.00 0.0280763
4 92.00 0.00 84.00 0.00 28.00 0.00 36.00 0.00 0.0276956
4 72.00 0.00 64.00 0.00 48.00 0.00 56.00 0.00 1.46519
4 66.00 0.00 64.00 0.00 54.00 0.00 56.00 0.00 0.269
4 120.00 0.00 108.00 0.00 0.00 0.00 12.00 0.00 0.0114458
4 70.00 0.00 68.00 0.00 50.00 0.00 52.00 0.00 0.0505342
4 100.00 0.00 84.00 0.00 20.00 0.00 36.00 0.00 0.0830455
4 100.00 0.00 92.00 0.00 20.00 0.00 28.00 0.00 0.0143951
4 92.00 0.00 76.00 0.00 28.00 0.00 44.00 0.00 0.164297
4 96.00 0.00 88.00 0.00 24.00 0.00 32.00 0.00 0.0190181
4 80.00 0.00 72.00 0.00 40.00 0.00 48.00 0.00 0.0949556
4 64.00 0.00 62.00 0.00 56.00 0.00 58.00 0.00 1.61987
4 68.00 0.00 64.00 0.00 52.00 0.00 56.00 0.00 0.717138
4 76.00 0.00 68.00 0.00 44.00 0.00 52.00 0.00 0.318473
4 108.00 0.00 96.00 0.00 12.00 0.00 24.00 0.00 0.0242275
4 120.00 0.00 100.00 0.00 0.00 0.00 20.00 0.00 0.0429
4 84.00 0.00 72.00 0.00 36.00 0.00 48.00 0.00 0.173878
4 100.00 0.00 80.00 0.00 20.00 0.00 40.00 0.00 0.157493
4 88.00 0.00 80.00 0.00 32.00 0.00 40.00 0.00 0.0411272
4 108.00 0.00 92.00 0.00 12.00 0.00 28.00 0.00 0.0483
4 68.00 0.00 66.00 0.00 52.00 0.00 54.00 0.00 0.114267
4 72.00 0.00 68.00 0.00 48.00 0.00 52.00 0.00 0.15186
4 96.00 0.00 84.00 0.00 24.00 0.00 36.00 0.00 0.0529101
4 68.00 0.00 66.00 0.00 54.00 0.00 56.00 0.00 0.17636
4 66.00 0.00 64.00 0.00 56.00 0.00 58.00 0.00 0.507252
4 64.00 0.00 62.00 0.00 58.00 0.00 60.00 0.00 8.04278
4 70.00 0.00 68.00 0.00 52.00 0.00 54.00 0.00 0.0780497
4 70.00 0.00 68.00 0.00 54.00 0.00 56.00 0.00 0.112441
4 92.00 0.00 80.00 0.00 32.00 0.00 44.00 0.00 0.0935809
4 68.00 0.00 66.00 0.00 56.00 0.00 58.00 0.00 0.278023
4 72.00 0.00 68.00 0.00 52.00 0.00 56.00 0.00 0.32869
4 80.00 0.00 68.00 0.00 44.00 0.00 56.00 0.00 0.911587
4 80.00 0.00 76.00 0.00 44.00 0.00 48.00 0.00 0.0226371
4 76.00 0.00 72.00 0.00 48.00 0.00 52.00 0.00 0.0625588
4 66.00 0.00 64.00 0.00 58.00 0.00 60.00 0.00 1.50422
4 116.00 0.00 104.00 0.00 8.00 0.00 20.00 0.00 0.0130206
4 92.00 0.00 72.00 0.00 32.00 0.00 52.00 0.00 0.472342
4 112.00 0.00 92.00 0.00 12.00 0.00 32.00 0.00 0.0733695
4 72.00 0.00 70.00 0.00 52.00 0.00 54.00 0.00 0.0571601
4 104.00 0.00 92.00 0.00 20.00 0.00 32.00 0.00 0.0343689
4 68.00 0.00 64.00 0.00 56.00 0.00 60.00 0.00 2.89898
4 72.00 0.00 70.00 0.00 54.00 0.00 56.00 0.00 0.0789952
4 66.00 0.00 64.00 0.00 60.00 0.00 62.00 0.00 7.51664
4 70.00 0.00 68.00 0.00 56.00 0.00 58.00 0.00 0.158624
4 68.00 0.00 66.00 0.00 58.00 0.00 60.00 0.00 0.605132
4 80.00 0.00 72.00 0.00 48.00 0.00 56.00 0.00 0.303005
4 84.00 0.00 80.00 0.00 44.00 0.00 48.00 0.00 0.0174858
4 120.00 0.00 104.00 0.00 8.00 0.00 24.00 0.00 0.0285793
4 84.00 0.00 76.00 0.00 44.00 0.00 52.00 0.00 0.114429
4 74.00 0.00 72.00 0.00 54.00 0.00 56.00 0.00 0.0367287
4 100.00 0.00 88.00 0.00 28.00 0.00 40.00 0.00 0.0507423
4 112.00 0.00 100.00 0.00 16.00 0.00 28.00 0.00 0.027256
4 104.00 0.00 96.00 0.00 24.00 0.00 32.00 0.00 0.0151235
4 104.00 0.00 84.00 0.00 24.00 0.00 44.00 0.00 0.15659
4 124.00 0.00 112.00 0.00 4.00 0.00 16.00 0.00 0.0113657
4 88.00 0.00 72.00 0.00 40.00 0.00 56.00 0.00 0.604373
4 80.00 0.00 76.00 0.00 48.00 0.00 52.00 0.00 0.0419598
4 76.00 0.00 72.00 0.00 52.00 0.00 56.00 0.00 0.121901
4 124.00 0.00 104.00 0.00 4.00 0.00 24.00 0.00 0.0427433
4 68.00 0.00 66.00 0.00 60.00 0.00 62.00 0.00 1.70289
4 70.00 0.00 68.00 0.00 58.00 0.00 60.00 0.00 0.284224
4 92.00 0.00 84.00 0.00 36.00 0.00 44.00 0.00 0.0415374
4 112.00 0.00 96.00 0.00 16.00 0.00 32.00 0.00 0.0501548
4 96.00 0.00 80.00 0.00 32.00 0.00 48.00 0.00 0.162842
4 96.00 0.00 88.00 0.00 32.00 0.00 40.00 0.00 0.0274865
4 72.00 0.00 70.00 0.00 56.00 0.00 58.00 0.00 0.105545
4 76.00 0.00 68.00 0.00 52.00 0.00 60.00 0.00 1.3977
4 88.00 0.00 80.00 0.00 40.00 0.00 48.00 0.00 0.057665
4 88.00 0.00 76.00 0.00 40.00 0.00 52.00 0.00 0.196281
4 128.00 0.00 112.00 0.00 0.00 0.00 16.00 0.00 0.0203248
4 104.00 0.00 88.00 0.00 24.00 0.00 40.00 0.00 0.08417
4 100.00 0.00 92.00 0.00 28.00 0.00 36.00 0.00 0.0162872
4 72.00 0.00 68.00 0.00 56.00 0.00 60.00 0.00 0.72211
4 74.00 0.00 72.00 0.00 56.00 0.00 58.00 0.00 0.0472441
4 70.00 0.00 68.00 0.00 60.00 0.00 62.00 0.00 0.55625
4 72.00 0.00 70.00 0.00 58.00 0.00 60.00 0.00 0.171068
4 68.00 0.00 66.00 0.00 62.00 0.00 64.00 0.00 10.1132
4 84.00 0.00 72.00 0.00 48.00 0.00 60.00 0.00 0.809012
4 80.00 0.00 76.00 0.00 52.00 0.00 56.00 0.00 0.0750257
4 72.00 0.00 68.00 0.00 60.00 0.00 64.00 0.00 3.37527
4 76.00 0.00 74.00 0.00 56.00 0.00 58.00 0.00 0.0397934
4 72.00 0.00 70.00 0.00 60.00 0.00 62.00 0.00 0.275055
4 74.00 0.00 72.00 0.00 58.00 0.00 60.00 0.00 0.0729408
4 96.00 0.00 76.00 0.00 36.00 0.00 56.00 0.00 0.532573
4 116.00 0.00 96.00 0.00 16.00 0.00 36.00 0.00 0.0771338
4 120.00 0.00 108.00 0.00 12.00 0.00 24.00 0.00 0.0138024
4 108.00 0.00 96.00 0.00 24.00 0.00 36.00 0.00 0.038116
4 84.00 0.00 80.00 0.00 48.00 0.00 52.00 0.00 0.0309721
4 96.00 0.00 84.00 0.00 36.00 0.00 48.00 0.00 0.0877541
4 70.00 0.00 68.00 0.00 62.00 0.00 64.00 0.00 1.90749
4 76.00 0.00 72.00 0.00 56.00 0.00 60.00 0.00 0.220311
4 70.00 0.00 68.00 0.00 64.00 0.00 66.00 0.00 8.70027
4 74.00 0.00 72.00 0.00 60.00 0.00 62.00 0.00 0.10725
4 76.00 0.00 74.00 0.00 58.00 0.00 60.00 0.00 0.0589595
4 72.00 0.00 70.00 0.00 62.00 0.00 64.00 0.00 0.630661
4 92.00 0.00 80.00 0.00 44.00 0.00 56.00 0.00 0.24027
4 80.00 0.00 72.00 0.00 56.00 0.00 64.00 0.00 1.12435
4 116.00 0.00 104.00 0.00 20.00 0.00 32.00 0.00 0.0241041
4 128.00 0.00 108.00 0.00 8.00 0.00 28.00 0.00 0.0403086
4 72.00 0.00 70.00 0.00 64.00 0.00 66.00 0.00 1.53668
4 76.00 0.00 72.00 0.00 60.00 0.00 64.00 0.00 0.535811
4 100.00 0.00 84.00 0.00 36.00 0.00 52.00 0.00 0.170103
4 132.00 0.00 116.00 0.00 4.00 0.00 20.00 0.00 0.0188542
4 108.00 0.00 100.00 0.00 28.00 0.00 36.00 0.00 0.0179127
4 104.00 0.00 96.00 0.00 32.00 0.00 40.00 0.00 0.0205682
4 88.00 0.00 80.00 0.00 48.00 0.00 56.00 0.00 0.147417
4 84.00 0.00 76.00 0.00 52.00 0.00 60.00 0.00 0.328922
4 92.00 0.00 84.00 0.00 44.00 0.00 52.00 0.00 0.0686907
4 76.00 0.00 74.00 0.00 60.00 0.00 62.00 0.00 0.0820642
4 78.00 0.00 76.00 0.00 58.00 0.00 60.00 0.00 0.0408662
4 108.00 0.00 92.00 0.00 28.00 0.00 44.00 0.00 0.0827871
4 84.00 0.00 80.00 0.00 52.00 0.00 56.00 0.00 0.052396
4 80.00 0.00 76.00 0.00 56.00 0.00 60.00 0.00 0.121643
4 116.00 0.00 100.00 0.00 20.00 0.00 36.00 0.00 0.0523836
4 104.00 0.00 92.00 0.00 32.00 0.00 44.00 0.00 0.0500706
4 124.00 0.00 108.00 0.00 12.00 0.00 28.00 0.00 0.0276806
4 74.00 0.00 72.00 0.00 62.00 0.00 64.00 0.00 0.203748
4 88.00 0.00 84.00 0.00 48.00 0.00 52.00 0.00 0.0236349
4 92.00 0.00 76.00 0.00 44.00 0.00 60.00 0.00 0.678316
4 96.00 0.00 88.00 0.00 40.00 0.00 48.00 0.00 0.0348486
4 128.00 0.00 116.00 0.00 8.00 0.00 20.00 0.00 0.0108017
4 108.00 0.00 88.00 0.00 28.00 0.00 48.00 0.00 0.154112
4 100.00 0.00 92.00 0.00 36.00 0.00 44.00 0.00 0.0230756
4 74.00 0.00 72.00 0.00 64.00 0.00 66.00 0.00 0.356102
4 78.00 0.00 76.00 0.00 60.00 0.00 62.00 0.00 0.0546043
4 72.00 0.00 70.00 0.00 66.00 0.00 68.00 0.00 9.07181
4 76.00 0.00 74.00 0.00 62.00 0.00 64.00 0.00 0.141135
4 80.00 0.00 78.00 0.00 60.00 0.00 62.00 0.00 0.0386358
4 76.00 0.00 74.00 0.00 64.00 0.00 66.00 0.00 0.205574
4 112.00 0.00 100.00 0.00 28.00 0.00 40.00 0.00 0.037843
4 74.00 0.00 72.00 0.00 66.00 0.00 68.00 0.00 1.29373
4 88.00 0.00 84.00 0.00 52.00 0.00 56.00 0.00 0.0387652
4 100.00 0.00 80.00 0.00 40.00 0.00 60.00 0.00 0.573601
4 124.00 0.00 112.00 0.00 16.00 0.00 28.00 0.00 0.0172085
4 120.00 0.00 100.00 0.00 20.00 0.00 40.00 0.00 0.0835076
4 78.00 0.00 76.00 0.00 62.00 0.00 64.00 0.00 0.0884409
4 88.00 0.00 76.00 0.00 52.00 0.00 64.00 0.00 0.897847
4 140.00 0.00 120.00 0.00 0.00 0.00 20.00 0.00 0.0261449
4 100.00 0.00 88.00 0.00 40.00 0.00 52.00 0.00 0.0874834
4 80.00 0.00 76.00 0.00 60.00 0.00 64.00 0.00 0.24255
4 76.00 0.00 72.00 0.00 64.00 0.00 68.00 0.00 2.42094
4 84.00 0.00 80.00 0.00 56.00 0.00 60.00 0.00 0.0784246
4 78.00 0.00 76.00 0.00 64.00 0.00 66.00 0.00 0.115981
4 80.00 0.00 78.00 0.00 62.00 0.00 64.00 0.00 0.0596983
4 76.00 0.00 74.00 0.00 66.00 0.00 68.00 0.00 0.560563
4 74.00 0.00 72.00 0.00 68.00 0.00 70.00 0.00 5.44805
4 112.00 0.00 96.00 0.00 32.00 0.00 48.00 0.00 0.0807193
4 100.00 0.00 92.00 0.00 44.00 0.00 52.00 0.00 0.0349835
4 96.00 0.00 88.00 0.00 48.00 0.00 56.00 0.00 0.0786323
4 84.00 0.00 80.00 0.00 60.00 0.00 64.00 0.00 0.139854
4 104.00 0.00 96.00 0.00 40.00 0.00 48.00 0.00 0.0240461
4 84.00 0.00 76.00 0.00 60.00 0.00 68.00 0.00 1.27361
4 108.00 0.00 100.00 0.00 36.00 0.00 44.00 0.00 0.0237734
4 88.00 0.00 80.00 0.00 56.00 0.00 64.00 0.00 0.365024
4 96.00 0.00 84.00 0.00 48.00 0.00 60.00 0.00 0.261973
4 108.00 0.00 96.00 0.00 36.00 0.00 48.00 0.00 0.0543491
4 104.00 0.00 88.00 0.00 40.00 0.00 56.00 0.00 0.188232
4 78.00 0.00 76.00 0.00 66.00 0.00 68.00 0.00 0.265847
4 92.00 0.00 88.00 0.00 52.00 0.00 56.00 0.00 0.0292892
4 92.00 0.00 84.00 0.00 52.00 0.00 60.00 0.00 0.164809
4 144.00 0.00 128.00 0.00 0.00 0.00 16.00 0.00 0.0148768
4 132.00 0.00 120.00 0.00 12.00 0.00 24.00 0.00 0.0116015
4 80.00 0.00 76.00 0.00 64.00 0.00 68.00 0.00 0.608383
4 128.00 0.00 112.00 0.00 16.00 0.00 32.00 0.00 0.0300162
4 112.00 0.00 104.00 0.00 32.00 0.00 40.00 0.00 0.0157245
4 120.00 0.00 108.00 0.00 24.00 0.00 36.00 0.00 0.0200889
4 112.00 0.00 92.00 0.00 32.00 0.00 52.00 0.00 0.152351
4 120.00 0.00 104.00 0.00 24.00 0.00 40.00 0.00 0.0479828
4 96.00 0.00 80.00 0.00 48.00 0.00 64.00 0.00 0.755246
4 88.00 0.00 84.00 0.00 56.00 0.00 60.00 0.00 0.0550359
4 80.00 0.00 78.00 0.00 64.00 0.00 66.00 0.00 0.0735331
4 76.00 0.00 74.00 0.00 68.00 0.00 70.00 0.00 1.4322
4 136.00 0.00 120.00 0.00 8.00 0.00 24.00 0.00 0.0199808
4 132.00 0.00 112.00 0.00 12.00 0.00 32.00 0.00 0.0410645
4 82.00 0.00 80.00 0.00 62.00 0.00 64.00 0.00 0.0467184
4 80.00 0.00 78.00 0.00 66.00 0.00 68.00 0.00 0.151578
4 76.00 0.00 74.00 0.00 70.00 0.00 72.00 0.00 7.20489
4 82.00 0.00 80.00 0.00 64.00 0.00 66.00 0.00 0.0550663
4 78.00 0.00 76.00 0.00 68.00 0.00 70.00 0.00 0.506802
4 124.00 0.00 104.00 0.00 24.00 0.00 44.00 0.00 0.074162
4 78.00 0.00 76.00 0.00 70.00 0.00 72.00 0.00 1.31751
4 104.00 0.00 84.00 0.00 44.00 0.00 64.00 0.00 0.637364
4 84.00 0.00 82.00 0.00 64.00 0.00 66.00 0.00 0.0409172
4 88.00 0.00 84.00 0.00 60.00 0.00 64.00 0.00 0.0902379
4 80.00 0.00 76.00 0.00 68.00 0.00 72.00 0.00 2.50705
4 144.00 0.00 124.00 0.00 4.00 0.00 24.00 0.00 0.026967
4 104.00 0.00 92.00 0.00 44.00 0.00 56.00 0.00 0.0997164
4 80.00 0.00 78.00 0.00 68.00 0.00 70.00 0.00 0.246015
4 82.00 0.00 80.00 0.00 66.00 0.00 68.00 0.00 0.107075
4 128.00 0.00 116.00 0.00 20.00 0.00 32.00 0.00 0.0184528
4 92.00 0.00 80.00 0.00 56.00 0.00 68.00 0.00 1.01235
4 92.00 0.00 88.00 0.00 56.00 0.00 60.00 0.00 0.0399348
4 84.00 0.00 80.00 0.00 64.00 0.00 68.00 0.00 0.280924
4 116.00 0.00 104.00 0.00 32.00 0.00 44.00 0.00 0.0320119
4 84.00 0.00 82.00 0.00 66.00 0.00 68.00 0.00 0.0763007
4 78.00 0.00 76.00 0.00 72.00 0.00 74.00 0.00 5.88979
4 80.00 0.00 78.00 0.00 70.00 0.00 72.00 0.00 0.434468
4 82.00 0.00 80.00 0.00 68.00 0.00 70.00 0.00 0.160211
4 116.00 0.00 108.00 0.00 36.00 0.00 44.00 0.00 0.0107839
4 100.00 0.00 84.00 0.00 52.00 0.00 68.00 0.00 0.813337
4 112.00 0.00 100.00 0.00 40.00 0.00 52.00 0.00 0.0554033
4 100.00 0.00 92.00 0.00 52.00 0.00 60.00 0.00 0.0748416
4 132.00 0.00 116.00 0.00 20.00 0.00 36.00 0.00 0.0318456
4 96.00 0.00 88.00 0.00 56.00 0.00 64.00 0.00 0.162663
4 136.00 0.00 124.00 0.00 16.00 0.00 28.00 0.00 0.0133585
4 80.00 0.00 78.00 0.00 72.00 0.00 74.00 0.00 1.03656
4 88.00 0.00 80.00 0.00 64.00 0.00 72.00 0.00 1.40162
4 148.00 0.00 132.00 0.00 4.00 0.00 20.00 0.00 0.0131721
4 116.00 0.00 100.00 0.00 36.00 0.00 52.00 0.00 0.0830981
4 82.00 0.00 80.00 0.00 70.00 0.00 72.00 0.00 0.23213
4 116.00 0.00 96.00 0.00 36.00 0.00 56.00 0.00 0.164699
4 124.00 0.00 108.00 0.00 28.00 0.00 44.00 0.00 0.0404725
4 86.00 0.00 84.00 0.00 66.00 0.00 68.00 0.00 0.059678
4 108.00 0.00 100.00 0.00 44.00 0.00 52.00 0.00 0.0325625
4 108.00 0.00 92.00 0.00 44.00 0.00 60.00 0.00 0.206785
4 112.00 0.00 104.00 0.00 40.00 0.00 48.00 0.00 0.0175911
4 84.00 0.00 80.00 0.00 68.00 0.00 72.00 0.00 0.646932
4 92.00 0.00 84.00 0.00 60.00 0.00 68.00 0.00 0.415613
4 136.00 0.00 116.00 0.00 16.00 0.00 36.00 0.00 0.0447598
4 100.00 0.00 88.00 0.00 52.00 0.00 64.00 0.00 0.27078
4 96.00 0.00 92.00 0.00 56.00 0.00 60.00 0.00 0.0234951
4 140.00 0.00 124.00 0.00 12.00 0.00 28.00 0.00 0.0199271
4 124.00 0.00 112.00 0.00 28.00 0.00 40.00 0.00 0.0217366
4 104.00 0.00 96.00 0.00 48.00 0.00 56.00 0.00 0.0488537
4 84.00 0.00 82.00 0.00 68.00 0.00 70.00 0.00 0.109319
4 88.00 0.00 84.00 0.00 64.00 0.00 68.00 0.00 0.160149
4 92.00 0.00 88.00 0.00 60.00 0.00 64.00 0.00 0.0622796
4 84.00 0.00 82.00 0.00 70.00 0.00 72.00 0.00 0.143481
4 82.00 0.00 80.00 0.00 72.00 0.00 74.00 0.00 0.360863
4 80.00 0.00 78.00 0.00 74.00 0.00 76.00 0.00 6.55485
4 86.00 0.00 84.00 0.00 68.00 0.00 70.00 0.00 0.0830687
4 82.00 0.00 80.00 0.00 74.00 0.00 76.00 0.00 1.37403
4 148.00 0.00 128.00 0.00 8.00 0.00 28.00 0.00 0.0270659
4 86.00 0.00 84.00 0.00 70.00 0.00 72.00 0.00 0.103018
4 120.00 0.00 108.00 0.00 36.00 0.00 48.00 0.00 0.0259599
4 84.00 0.00 80.00 0.00 72.00 0.00 76.00 0.00 2.3665
4 84.00 0.00 82.00 0.00 72.00 0.00 74.00 0.00 0.171017
4 88.00 0.00 84.00 0.00 68.00 0.00 72.00 0.00 0.312271
4 92.00 0.00 88.00 0.00 64.00 0.00 68.00 0.00 0.101531
4 128.00 0.00 108.00 0.00 28.00 0.00 48.00 0.00 0.0625921
4 132.00 0.00 120.00 0.00 24.00 0.00 36.00 0.00 0.016619
4 108.00 0.00 88.00 0.00 48.00 0.00 68.00 0.00 0.706092
4 108.00 0.00 96.00 0.00 48.00 0.00 60.00 0.00 0.125161
4 88.00 0.00 86.00 0.00 68.00 0.00 70.00 0.00 0.0564536
4 96.00 0.00 84.00 0.00 60.00 0.00 72.00 0.00 1.09804
4 96.00 0.00 92.00 0.00 60.00 0.00 64.00 0.00 0.0354096
4 84.00 0.00 82.00 0.00 74.00 0.00 76.00 0.00 0.456007
4 88.00 0.00 86.00 0.00 70.00 0.00 72.00 0.00 0.0678893
4 82.00 0.00 80.00 0.00 76.00 0.00 78.00 0.00 6.23636
4 86.00 0.00 84.00 0.00 72.00 0.00 74.00 0.00 0.104542
4 86.00 0.00 84.00 0.00 74.00 0.00 76.00 0.00 0.217187
4 128.00 0.00 112.00 0.00 32.00 0.00 48.00 0.00 0.0407457
4 90.00 0.00 88.00 0.00 70.00 0.00 72.00 0.00 0.0576832
4 120.00 0.00 104.00 0.00 40.00 0.00 56.00 0.00 0.0822298
4 120.00 0.00 112.00 0.00 40.00 0.00 48.00 0.00 0.0108379
4 112.00 0.00 96.00 0.00 48.00 0.00 64.00 0.00 0.228552
4 116.00 0.00 108.00 0.00 44.00 0.00 52.00 0.00 0.0140805
4 100.00 0.00 92.00 0.00 60.00 0.00 68.00 0.00 0.156552
4 84.00 0.00 82.00 0.00 76.00 0.00 78.00 0.00 1.31295
4 88.00 0.00 84.00 0.00 72.00 0.00 76.00 0.00 0.502593
4 96.00 0.00 88.00 0.00 64.00 0.00 72.00 0.00 0.43521
4 160.00 0.00 144.00 0.00 0.00 0.00 16.00 0.00 0.0123155
4 140.00 0.00 120.00 0.00 20.00 0.00 40.00 0.00 0.0443195
4 144.00 0.00 128.00 0.00 16.00 0.00 32.00 0.00 0.0207346
4 104.00 0.00 92.00 0.00 56.00 0.00 68.00 0.00 0.280139
4 120.00 0.00 100.00 0.00 40.00 0.00 60.00 0.00 0.17563
4 108.00 0.00 100.00 0.00 52.00 0.00 60.00 0.00 0.0627776
4 128.00 0.00 116.00 0.00 32.00 0.00 44.00 0.00 0.0222292
4 88.00 0.00 86.00 0.00 72.00 0.00 74.00 0.00 0.0636161
4 92.00 0.00 88.00 0.00 68.00 0.00 72.00 0.00 0.183238
4 160.00 0.00 140.00 0.00 0.00 0.00 20.00 0.00 0.0194918
4 116.00 0.00 104.00 0.00 44.00 0.00 56.00 0.00 0.0547189
4 100.00 0.00 96.00 0.00 60.00 0.00 64.00 0.00 0.0259882
4 96.00 0.00 92.00 0.00 64.00 0.00 68.00 0.00 0.054969
4 140.00 0.00 128.00 0.00 20.00 0.00 32.00 0.00 0.0127584
4 136.00 0.00 120.00 0.00 24.00 0.00 40.00 0.00 0.0309261
4 104.00 0.00 88.00 0.00 56.00 0.00 72.00 0.00 0.884992
4 104.00 0.00 96.00 0.00 56.00 0.00 64.00 0.00 0.0888605
4 112.00 0.00 104.00 0.00 48.00 0.00 56.00 0.00 0.0332915
4 152.00 0.00 136.00 0.00 8.00 0.00 24.00 0.00 0.0142004
4 92.00 0.00 84.00 0.00 68.00 0.00 76.00 0.00 1.22978
4 86.00 0.00 84.00 0.00 76.00 0.00 78.00 0.00 0.437952
4 84.00 0.00 82.00 0.00 78.00 0.00 80.00 0.00 6.71647
4 90.00 0.00 88.00 0.00 72.00 0.00 74.00 0.00 0.0515126
4 88.00 0.00 86.00 0.00 74.00 0.00 76.00 0.00 0.115023
4 136.00 0.00 124.00 0.00 28.00 0.00 40.00 0.00 0.016419
4 88.00 0.00 86.00 0.00 76.00 0.00 78.00 0.00 0.18248
4 92.00 0.00 88.00 0.00 72.00 0.00 76.00 0.00 0.230486
4 100.00 0.00 88.00 0.00 64.00 0.00 76.00 0.00 0.946332
4 100.00 0.00 96.00 0.00 64.00 0.00 68.00 0.00 0.0385097
4 92.00 0.00 90.00 0.00 72.00 0.00 74.00 0.00 0.0345027
4 96.00 0.00 92.00 0.00 68.00 0.00 72.00 0.00 0.0939606
4 86.00 0.00 84.00 0.00 78.00 0.00 80.00 0.00 1.34839
4 132.00 0.00 112.00 0.00 32.00 0.00 52.00 0.00 0.0644097
4 112.00 0.00 92.00 0.00 52.00 0.00 72.00 0.00 0.728928
4 124.00 0.00 112.00 0.00 40.00 0.00 52.00 0.00 0.0278134
4 88.00 0.00 84.00 0.00 76.00 0.00 80.00 0.00 2.35344
4 152.00 0.00 132.00 0.00 12.00 0.00 32.00 0.00 0.0277716
4 90.00 0.00 88.00 0.00 74.00 0.00 76.00 0.00 0.0870247
4 112.00 0.00 100.00 0.00 52.00 0.00 64.00 0.00 0.134781
4 86.00 0.00 84.00 0.00 80.00 0.00 82.00 0.00 6.79492
4 90.00 0.00 88.00 0.00 76.00 0.00 78.00 0.00 0.122486
4 88.00 0.00 86.00 0.00 78.00 0.00 80.00 0.00 0.381944
4 92.00 0.00 90.00 0.00 74.00 0.00 76.00 0.00 0.055931
4 108.00 0.00 92.00 0.00 60.00 0.00 76.00 0.00 0.81554
4 100.00 0.00 96.00 0.00 68.00 0.00 72.00 0.00 0.0631653
4 96.00 0.00 92.00 0.00 72.00 0.00 76.00 0.00 0.108208
4 144.00 0.00 124.00 0.00 24.00 0.00 44.00 0.00 0.041115
4 88.00 0.00 86.00 0.00 80.00 0.00 82.00 0.00 1.16487
4 90.00 0.00 88.00 0.00 78.00 0.00 80.00 0.00 0.202918
4 112.00 0.00 104.00 0.00 56.00 0.00 64.00 0.00 0.0551886
4 140.00 0.00 124.00 0.00 28.00 0.00 44.00 0.00 0.0271499
4 144.00 0.00 132.00 0.00 24.00 0.00 36.00 0.00 0.0123518
4 116.00 0.00 100.00 0.00 52.00 0.00 68.00 0.00 0.244586
4 116.00 0.00 108.00 0.00 52.00 0.00 60.00 0.00 0.0247966
4 92.00 0.00 90.00 0.00 76.00 0.00 78.00 0.00 0.0744937
4 96.00 0.00 88.00 0.00 72.00 0.00 80.00 0.00 1.04925
4 108.00 0.00 100.00 0.00 60.00 0.00 68.00 0.00 0.11447
4 108.00 0.00 96.00 0.00 60.00 0.00 72.00 0.00 0.347809
4 132.00 0.00 120.00 0.00 36.00 0.00 48.00 0.00 0.0192089
4 124.00 0.00 108.00 0.00 44.00 0.00 60.00 0.00 0.0739172
4 120.00 0.00 112.00 0.00 48.00 0.00 56.00 0.00 0.0185411
4 92.00 0.00 88.00 0.00 76.00 0.00 80.00 0.00 0.510652
4 156.00 0.00 140.00 0.00 12.00 0.00 28.00 0.00 0.0157841
4 100.00 0.00 92.00 0.00 68.00 0.00 76.00 0.00 0.334983
4 104.00 0.00 100.00 0.00 64.00 0.00 68.00 0.00 0.0356424
4 104.00 0.00 96.00 0.00 64.00 0.00 72.00 0.00 0.195814
4 132.00 0.00 116.00 0.00 36.00 0.00 52.00 0.00 0.0409058
4 94.00 0.00 92.00 0.00 74.00 0.00 76.00 0.00 0.0397463
4 120.00 0.00 108.00 0.00 48.00 0.00 60.00 0.00 0.0493956
4 124.00 0.00 116.00 0.00 44.00 0.00 52.00 0.00 0.012771
4 124.00 0.00 104.00 0.00 44.00 0.00 64.00 0.00 0.173523
4 148.00 0.00 132.00 0.00 20.00 0.00 36.00 0.00 0.0211404
4 94.00 0.00 92.00 0.00 76.00 0.00 78.00 0.00 0.0512197
4 90.00 0.00 88.00 0.00 80.00 0.00 82.00 0.00 0.432707
4 92.00 0.00 90.00 0.00 78.00 0.00 80.00 0.00 0.109135
4 88.00 0.00 86.00 0.00 82.00 0.00 84.00 0.00 6.23778
4 96.00 0.00 94.00 0.00 76.00 0.00 78.00 0.00 0.0316419
4 92.00 0.00 90.00 0.00 80.00 0.00 82.00 0.00 0.187082
4 94.00 0.00 92.00 0.00 78.00 0.00 80.00 0.00 0.0712561
4 136.00 0.00 116.00 0.00 36.00 0.00 56.00 0.00 0.0689516
4 116.00 0.00 96.00 0.00 56.00 0.00 76.00 0.00 0.695983
4 128.00 0.00 116.00 0.00 44.00 0.00 56.00 0.00 0.0310631
4 104.00 0.00 100.00 0.00 68.00 0.00 72.00 0.00 0.0566469
4 140.00 0.00 128.00 0.00 32.00 0.00 44.00 0.00 0.0146702
4 116.00 0.00 104.00 0.00 56.00 0.00 68.00 0.00 0.123437
4 90.00 0.00 88.00 0.00 82.00 0.00 84.00 0.00 1.34687
4 96.00 0.00 92.00 0.00 76.00 0.00 80.00 0.00 0.198575
4 156.00 0.00 136.00 0.00 16.00 0.00 36.00 0.00 0.0283436
4 104.00 0.00 92.00 0.00 68.00 0.00 80.00 0.00 0.856378
4 100.00 0.00 96.00 0.00 72.00 0.00 76.00 0.00 0.0679728
4 92.00 0.00 88.00 0.00 80.00 0.00 84.00 0.00 2.36356
4 94.00 0.00 92.00 0.00 80.00 0.00 82.00 0.00 0.110104
4 96.00 0.00 94.00 0.00 78.00 0.00 80.00 0.00 0.0424579
4 92.00 0.00 90.00 0.00 82.00 0.00 84.00 0.00 0.393623
4 90.00 0.00 88.00 0.00 84.00 0.00 86.00 0.00 8.46185
4 112.00 0.00 104.00 0.00 64.00 0.00 72.00 0.00 0.108542
4 96.00 0.00 94.00 0.00 80.00 0.00 82.00 0.00 0.0621209
4 98.00 0.00 96.00 0.00 78.00 0.00 80.00 0.00 0.037801
4 128.00 0.00 112.00 0.00 48.00 0.00 64.00 0.00 0.08107
4 152.00 0.00 136.00 0.00 24.00 0.00 40.00 0.00 0.0207834
4 104.00 0.00 100.00 0.00 72.00 0.00 76.00 0.00 0.0577114
4 100.00 0.00 96.00 0.00 76.00 0.00 80.00 0.00 0.114525
4 136.00 0.00 120.00 0.00 40.00 0.00 56.00 0.00 0.0409958
4 124.00 0.00 112.00 0.00 52.00 0.00 64.00 0.00 0.0542481
4 94.00 0.00 92.00 0.00 82.00 0.00 84.00 0.00 0.18606
4 108.00 0.00 104.00 0.00 68.00 0.00 72.00 0.00 0.0451683
4 112.00 0.00 96.00 0.00 64.00 0.00 80.00 0.00 0.802042
4 116.00 0.00 108.00 0.00 60.00 0.00 68.00 0.00 0.0409689
4 160.00 0.00 144.00 0.00 16.00 0.00 32.00 0.00 0.0165582
4 148.00 0.00 128.00 0.00 28.00 0.00 48.00 0.00 0.0372496
4 148.00 0.00 136.00 0.00 28.00 0.00 40.00 0.00 0.0113698
4 128.00 0.00 108.00 0.00 48.00 0.00 68.00 0.00 0.155506
4 120.00 0.00 112.00 0.00 56.00 0.00 64.00 0.00 0.0278455
4 112.00 0.00 100.00 0.00 64.00 0.00 76.00 0.00 0.325907
4 100.00 0.00 92.00 0.00 76.00 0.00 84.00 0.00 0.979953
4 136.00 0.00 124.00 0.00 40.00 0.00 52.00 0.00 0.0186761
4 92.00 0.00 90.00 0.00 84.00 0.00 86.00 0.00 1.40035
4 96.00 0.00 92.00 0.00 80.00 0.00 84.00 0.00 0.453043
4 120.00 0.00 104.00 0.00 56.00 0.00 72.00 0.00 0.241386
4 144.00 0.00 128.00 0.00 32.00 0.00 48.00 0.00 0.025799
4 128.00 0.00 120.00 0.00 48.00 0.00 56.00 0.00 0.0137026
4 124.00 0.00 116.00 0.00 52.00 0.00 60.00 0.00 0.0206418
4 108.00 0.00 100.00 0.00 68.00 0.00 76.00 0.00 0.207444
4 104.00 0.00 96.00 0.00 72.00 0.00 80.00 0.00 0.332715
4 92.00 0.00 90.00 0.00 86.00 0.00 88.00 0.00 6.42813
4 96.00 0.00 94.00 0.00 82.00 0.00 84.00 0.00 0.0923465
4 94.00 0.00 92.00 0.00 84.00 0.00 86.00 0.00 0.457586
4 98.00 0.00 96.00 0.00 80.00 0.00 82.00 0.00 0.0531362
4 94.00 0.00 92.00 0.00 86.00 0.00 88.00 0.00 1.27727
4 108.00 0.00 104.00 0.00 72.00 0.00 76.00 0.00 0.0451966
4 120.00 0.00 100.00 0.00 60.00 0.00 80.00 0.00 0.699638
4 144.00 0.00 132.00 0.00 36.00 0.00 48.00 0.00 0.0139297
4 160.00 0.00 140.00 0.00 20.00 0.00 40.00 0.00 0.0308877
4 140.00 0.00 120.00 0.00 40.00 0.00 60.00 0.00 0.0645813
4 98.00 0.00 96.00 0.00 82.00 0.00 84.00 0.00 0.0746334
4 108.00 0.00 96.00 0.00 72.00 0.00 84.00 0.00 0.930956
4 120.00 0.00 108.00 0.00 60.00 0.00 72.00 0.00 0.106365
4 100.00 0.00 96.00 0.00 80.00 0.00 84.00 0.00 0.212267
4 96.00 0.00 92.00 0.00 84.00 0.00 88.00 0.00 2.25366
4 104.00 0.00 100.00 0.00 76.00 0.00 80.00 0.00 0.0908849
4 100.00 0.00 98.00 0.00 80.00 0.00 82.00 0.00 0.0352128
4 96.00 0.00 94.00 0.00 84.00 0.00 86.00 0.00 0.176899
4 132.00 0.00 120.00 0.00 48.00 0.00 60.00 0.00 0.0309173
4 100.00 0.00 98.00 0.00 82.00 0.00 84.00 0.00 0.0475195
4 96.00 0.00 94.00 0.00 86.00 0.00 88.00 0.00 0.337579
4 94.00 0.00 92.00 0.00 88.00 0.00 90.00 0.00 7.51428
4 98.00 0.00 96.00 0.00 84.00 0.00 86.00 0.00 0.125794
4 98.00 0.00 96.00 0.00 86.00 0.00 88.00 0.00 0.191633
4 112.00 0.00 108.00 0.00 72.00 0.00 76.00 0.00 0.0182226
4 112.00 0.00 104.00 0.00 72.00 0.00 80.00 0.00 0.161988
4 100.00 0.00 96.00 0.00 84.00 0.00 88.00 0.00 0.498872
4 152.00 0.00 132.00 0.00 32.00 0.00 52.00 0.00 0.0382014
4 132.00 0.00 124.00 0.00 52.00 0.00 60.00 0.00 0.0132573
4 156.00 0.00 140.00 0.00 28.00 0.00 44.00 0.00 0.0205431
4 140.00 0.00 128.00 0.00 44.00 0.00 56.00 0.00 0.0188595
4 132.00 0.00 112.00 0.00 52.00 0.00 72.00 0.00 0.164297
4 140.00 0.00 124.00 0.00 44.00 0.00 60.00 0.00 0.0399994
4 102.00 0.00 100.00 0.00 82.00 0.00 84.00 0.00 0.042735
4 116.00 0.00 100.00 0.00 68.00 0.00 84.00 0.00 0.824356
4 108.00 0.00 104.00 0.00 76.00 0.00 80.00 0.00 0.0694427
4 100.00 0.00 98.00 0.00 84.00 0.00 86.00 0.00 0.0758403
4 96.00 0.00 94.00 0.00 88.00 0.00 90.00 0.00 1.13114
4 148.00 0.00 132.00 0.00 36.00 0.00 52.00 0.00 0.024897
4 152.00 0.00 140.00 0.00 32.00 0.00 44.00 0.00 0.0122995
4 132.00 0.00 116.00 0.00 52.00 0.00 68.00 0.00 0.0832391
4 120.00 0.00 112.00 0.00 64.00 0.00 72.00 0.00 0.0474883
4 116.00 0.00 108.00 0.00 68.00 0.00 76.00 0.00 0.0660945
4 124.00 0.00 108.00 0.00 60.00 0.00 76.00 0.00 0.182531
4 104.00 0.00 100.00 0.00 80.00 0.00 84.00 0.00 0.154713
4 124.00 0.00 116.00 0.00 60.00 0.00 68.00 0.00 0.0304531
4 104.00 0.00 96.00 0.00 80.00 0.00 88.00 0.00 1.16107
4 128.00 0.00 120.00 0.00 56.00 0.00 64.00 0.00 0.0191518
4 108.00 0.00 100.00 0.00 76.00 0.00 84.00 0.00 0.430342
4 116.00 0.00 104.00 0.00 68.00 0.00 80.00 0.00 0.27537
4 128.00 0.00 116.00 0.00 56.00 0.00 68.00 0.00 0.055705
4 98.00 0.00 96.00 0.00 88.00 0.00 90.00 0.00 0.431763
4 100.00 0.00 98.00 0.00 86.00 0.00 88.00 0.00 0.103164
4 96.00 0.00 94.00 0.00 90.00 0.00 92.00 0.00 5.51159
4 102.00 0.00 100.00 0.00 84.00 0.00 86.00 0.00 0.064446
4 124.00 0.00 112.00 0.00 64.00 0.00 76.00 0.00 0.09892
4 100.00 0.00 98.00 0.00 88.00 0.00 90.00 0.00 0.186875
4 102.00 0.00 100.00 0.00 86.00 0.00 88.00 0.00 0.0830876
4 148.00 0.00 136.00 0.00 40.00 0.00 52.00 0.00 0.0122689
4 112.00 0.00 100.00 0.00 76.00 0.00 88.00 0.00 1.07062
4 112.00 0.00 108.00 0.00 76.00 0.00 80.00 0.00 0.0271377
4 104.00 0.00 100.00 0.00 84.00 0.00 88.00 0.00 0.293276
4 136.00 0.00 124.00 0.00 52.00 0.00 64.00 0.00 0.0323288
4 144.00 0.00 124.00 0.00 44.00 0.00 64.00 0.00 0.0659335
4 98.00 0.00 96.00 0.00 90.00 0.00 92.00 0.00 1.15257
4 124.00 0.00 104.00 0.00 64.00 0.00 84.00 0.00 0.642624
4 104.00 0.00 102.00 0.00 84.00 0.00 86.00 0.00 0.0636251
4 108.00 0.00 104.00 0.00 80.00 0.00 84.00 0.00 0.11256
4 100.00 0.00 96.00 0.00 88.00 0.00 92.00 0.00 2.11421
4 104.00 0.00 102.00 0.00 86.00 0.00 88.00 0.00 0.0791731
4 98.00 0.00 96.00 0.00 92.00 0.00 94.00 0.00 6.91807
4 100.00 0.00 98.00 0.00 90.00 0.00 92.00 0.00 0.338511
4 102.00 0.00 100.00 0.00 88.00 0.00 90.00 0.00 0.133222
4 106.00 0.00 104.00 0.00 86.00 0.00 88.00 0.00 0.0665765
4 128.00 0.00 120.00 0.00 64.00 0.00 72.00 0.00 0.0296219
4 128.00 0.00 112.00 0.00 64.00 0.00 80.00 0.00 0.173163
4 132.00 0.00 124.00 0.00 60.00 0.00 68.00 0.00 0.0179117
4 104.00 0.00 100.00 0.00 88.00 0.00 92.00 0.00 0.601254
4 112.00 0.00 104.00 0.00 80.00 0.00 88.00 0.00 0.431483
4 156.00 0.00 144.00 0.00 36.00 0.00 48.00 0.00 0.0113722
4 120.00 0.00 108.00 0.00 72.00 0.00 84.00 0.00 0.203468
4 116.00 0.00 112.00 0.00 76.00 0.00 80.00 0.00 0.0190152
4 144.00 0.00 132.00 0.00 48.00 0.00 60.00 0.00 0.0208041
4 124.00 0.00 116.00 0.00 68.00 0.00 76.00 0.00 0.0432625
4 104.00 0.00 102.00 0.00 88.00 0.00 90.00 0.00 0.121923
4 108.00 0.00 104.00 0.00 84.00 0.00 88.00 0.00 0.201728
4 112.00 0.00 108.00 0.00 80.00 0.00 84.00 0.00 0.0426207
4 136.00 0.00 128.00 0.00 56.00 0.00 64.00 0.00 0.0139161
4 120.00 0.00 104.00 0.00 72.00 0.00 88.00 0.00 0.792698
4 132.00 0.00 120.00 0.00 60.00 0.00 72.00 0.00 0.0540347
4 120.00 0.00 112.00 0.00 72.00 0.00 80.00 0.00 0.0609802
4 152.00 0.00 136.00 0.00 40.00 0.00 56.00 0.00 0.0250975
4 116.00 0.00 108.00 0.00 76.00 0.00 84.00 0.00 0.118589
4 160.00 0.00 144.00 0.00 32.00 0.00 48.00 0.00 0.0196296
4 100.00 0.00 98.00 0.00 92.00 0.00 94.00 0.00 1.09072
4 108.00 0.00 100.00 0.00 84.00 0.00 92.00 0.00 1.45538
4 136.00 0.00 120.00 0.00 56.00 0.00 72.00 0.00 0.083502
4 156.00 0.00 136.00 0.00 36.00 0.00 56.00 0.00 0.0380057
4 102.00 0.00 100.00 0.00 90.00 0.00 92.00 0.00 0.187867
4 136.00 0.00 116.00 0.00 56.00 0.00 76.00 0.00 0.156379
4 144.00 0.00 128.00 0.00 48.00 0.00 64.00 0.00 0.0424359
4 102.00 0.00 100.00 0.00 92.00 0.00 94.00 0.00 0.365953
4 100.00 0.00 98.00 0.00 94.00 0.00 96.00 0.00 8.34008
4 106.00 0.00 104.00 0.00 88.00 0.00 90.00 0.00 0.0992526
4 104.00 0.00 102.00 0.00 90.00 0.00 92.00 0.00 0.154709
4 104.00 0.00 102.00 0.00 92.00 0.00 94.00 0.00 0.234298
4 108.00 0.00 104.00 0.00 88.00 0.00 92.00 0.00 0.356791
4 112.00 0.00 108.00 0.00 84.00 0.00 88.00 0.00 0.0724564
4 148.00 0.00 128.00 0.00 48.00 0.00 68.00 0.00 0.067004
4 152.00 0.00 140.00 0.00 44.00 0.00 56.00 0.00 0.0147461
4 128.00 0.00 108.00 0.00 68.00 0.00 88.00 0.00 0.522971
4 128.00 0.00 116.00 0.00 68.00 0.00 80.00 0.00 0.0920744
4 108.00 0.00 106.00 0.00 88.00 0.00 90.00 0.00 0.0617034
4 116.00 0.00 104.00 0.00 80.00 0.00 92.00 0.00 1.0581
4 116.00 0.00 112.00 0.00 80.00 0.00 84.00 0.00 0.0282402
4 102.00 0.00 100.00 0.00 94.00 0.00 96.00 0.00 1.37079
4 106.00 0.00 104.00 0.00 90.00 0.00 92.00 0.00 0.120732
4 104.00 0.00 100.00 0.00 92.00 0.00 96.00 0.00 2.47409
4 140.00 0.00 128.00 0.00 56.00 0.00 68.00 0.00 0.0299699
4 102.00 0.00 100.00 0.00 96.00 0.00 98.00 0.00 9.68285
4 106.00 0.00 104.00 0.00 92.00 0.00 94.00 0.00 0.161058
4 104.00 0.00 102.00 0.00 94.00 0.00 96.00 0.00 0.497069
4 108.00 0.00 106.00 0.00 90.00 0.00 92.00 0.00 0.0731816
4 140.00 0.00 120.00 0.00 60.00 0.00 80.00 0.00 0.137316
4 128.00 0.00 120.00 0.00 72.00 0.00 80.00 0.00 0.0331151
4 148.00 0.00 136.00 0.00 52.00 0.00 64.00 0.00 0.0198936
4 160.00 0.00 148.00 0.00 40.00 0.00 52.00 0.00 0.011321
4 108.00 0.00 106.00 0.00 92.00 0.00 94.00 0.00 0.0935846
4 112.00 0.00 108.00 0.00 88.00 0.00 92.00 0.00 0.119789
4 136.00 0.00 124.00 0.00 64.00 0.00 76.00 0.00 0.0481553
4 120.00 0.00 116.00 0.00 80.00 0.00 84.00 0.00 0.0230603
4 116.00 0.00 112.00 0.00 84.00 0.00 88.00 0.00 0.0467081
4 156.00 0.00 140.00 0.00 44.00 0.00 60.00 0.00 0.027486
4 124.00 0.00 108.00 0.00 76.00 0.00 92.00 0.00 0.644396
4 124.00 0.00 116.00 0.00 76.00 0.00 84.00 0.00 0.0663145
4 132.00 0.00 124.00 0.00 68.00 0.00 76.00 0.00 0.0235417
4 112.00 0.00 104.00 0.00 88.00 0.00 96.00 0.00 1.30526
4 106.00 0.00 104.00 0.00 94.00 0.00 96.00 0.00 0.25412
4 148.00 0.00 132.00 0.00 52.00 0.00 68.00 0.00 0.0426608
4 110.00 0.00 108.00 0.00 90.00 0.00 92.00 0.00 0.0375402
4 140.00 0.00 124.00 0.00 60.00 0.00 76.00 0.00 0.0722501
4 140.00 0.00 132.00 0.00 60.00 0.00 68.00 0.00 0.0131606
4 132.00 0.00 116.00 0.00 68.00 0.00 84.00 0.00 0.165785
4 136.00 0.00 128.00 0.00 64.00 0.00 72.00 0.00 0.0198538
4 120.00 0.00 112.00 0.00 80.00 0.00 88.00 0.00 0.136369
4 104.00 0.00 102.00 0.00 96.00 0.00 98.00 0.00 1.99271
4 108.00 0.00 104.00 0.00 92.00 0.00 96.00 0.00 0.643664
4 116.00 0.00 108.00 0.00 84.00 0.00 92.00 0.00 0.313176
4 160.00 0.00 140.00 0.00 40.00 0.00 60.00 0.00 0.0393711
4 124.00 0.00 112.00 0.00 76.00 0.00 88.00 0.00 0.221282
4 110.00 0.00 108.00 0.00 92.00 0.00 94.00 0.00 0.0469828
4 108.00 0.00 106.00 0.00 94.00 0.00 96.00 0.00 0.132434
4 106.00 0.00 104.00 0.00 96.00 0.00 98.00 0.00 0.642787
4 104.00 0.00 102.00 0.00 98.00 0.00 100.00 0.00 10.3291
4 152.00 0.00 132.00 0.00 52.00 0.00 72.00 0.00 0.0720157
4 132.00 0.00 112.00 0.00 72.00 0.00 92.00 0.00 0.516274
4 144.00 0.00 132.00 0.00 60.00 0.00 72.00 0.00 0.0323257
4 108.00 0.00 104.00 0.00 96.00 0.00 100.00 0.00 3.12069
4 110.00 0.00 108.00 0.00 94.00 0.00 96.00 0.00 0.0632773
4 132.00 0.00 120.00 0.00 72.00 0.00 84.00 0.00 0.0770316
4 156.00 0.00 144.00 0.00 48.00 0.00 60.00 0.00 0.0161516
4 108.00 0.00 106.00 0.00 96.00 0.00 98.00 0.00 0.274406
4 112.00 0.00 108.00 0.00 92.00 0.00 96.00 0.00 0.183569
4 120.00 0.00 108.00 0.00 84.00 0.00 96.00 0.00 0.758292
4 120.00 0.00 116.00 0.00 84.00 0.00 88.00 0.00 0.0361063
4 112.00 0.00 110.00 0.00 92.00 0.00 94.00 0.00 0.0314953
4 116.00 0.00 112.00 0.00 88.00 0.00 92.00 0.00 0.0725307
4 106.00 0.00 104.00 0.00 98.00 0.00 100.00 0.00 1.69953
4 112.00 0.00 110.00 0.00 94.00 0.00 96.00 0.00 0.0407648
4 106.00 0.00 104.00 0.00 100.00 0.00 102.00 0.00 10.4819
4 110.00 0.00 108.00 0.00 96.00 0.00 98.00 0.00 0.121675
4 108.00 0.00 106.00 0.00 98.00 0.00 100.00 0.00 0.501207
4 152.00 0.00 140.00 0.00 56.00 0.00 68.00 0.00 0.0219431
4 144.00 0.00 128.00 0.00 64.00 0.00 80.00 0.00 0.0665736
4 140.00 0.00 132.00 0.00 68.00 0.00 76.00 0.00 0.0161995
4 112.00 0.00 108.00 0.00 96.00 0.00 100.00 0.00 0.494655
4 120.00 0.00 112.00 0.00 88.00 0.00 96.00 0.00 0.296868
4 124.00 0.00 120.00 0.00 84.00 0.00 88.00 0.00 0.0218653
4 144.00 0.00 136.00 0.00 64.00 0.00 72.00 0.00 0.0129417
4 124.00 0.00 116.00 0.00 84.00 0.00 92.00 0.00 0.144889
4 152.00 0.00 136.00 0.00 56.00 0.00 72.00 0.00 0.0432956
4 114.00 0.00 112.00 0.00 94.00 0.00 96.00 0.00 0.0294825
4 140.00 0.00 128.00 0.00 68.00 0.00 80.00 0.00 0.0412493
4 144.00 0.00 124.00 0.00 64.00 0.00 84.00 0.00 0.127819
4 128.00 0.00 112.00 0.00 80.00 0.00 96.00 0.00 0.611714
4 120.00 0.00 116.00 0.00 88.00 0.00 92.00 0.00 0.0536009
4 116.00 0.00 112.00 0.00 92.00 0.00 96.00 0.00 0.100116
4 108.00 0.00 106.00 0.00 100.00 0.00 102.00 0.00 1.8017
4 110.00 0.00 108.00 0.00 98.00 0.00 100.00 0.00 0.192817
4 132.00 0.00 124.00 0.00 76.00 0.00 84.00 0.00 0.0314783
4 160.00 0.00 144.00 0.00 48.00 0.00 64.00 0.00 0.0294882
4 136.00 0.00 120.00 0.00 72.00 0.00 88.00 0.00 0.151891
4 136.00 0.00 128.00 0.00 72.00 0.00 80.00 0.00 0.0204402
4 112.00 0.00 110.00 0.00 96.00 0.00 98.00 0.00 0.0739021
4 116.00 0.00 108.00 0.00 92.00 0.00 100.00 0.00 0.998226
4 128.00 0.00 120.00 0.00 80.00 0.00 88.00 0.00 0.0627866
4 128.00 0.00 116.00 0.00 80.00 0.00 92.00 0.00 0.230047
4 108.00 0.00 106.00 0.00 102.00 0.00 104.00 0.00 9.12757
4 114.00 0.00 112.00 0.00 96.00 0.00 98.00 0.00 0.0515243
4 110.00 0.00 108.00 0.00 100.00 0.00 102.00 0.00 0.540372
4 112.00 0.00 110.00 0.00 98.00 0.00 100.00 0.00 0.104921
4 160.00 0.00 148.00 0.00 52.00 0.00 64.00 0.00 0.0174833
4 136.00 0.00 124.00 0.00 76.00 0.00 88.00 0.00 0.0795368
4 110.00 0.00 108.00 0.00 102.00 0.00 104.00 0.00 1.81376
4 116.00 0.00 112.00 0.00 96.00 0.00 100.00 0.00 0.218536
4 124.00 0.00 112.00 0.00 88.00 0.00 100.00 0.00 0.791984
4 120.00 0.00 116.00 0.00 92.00 0.00 96.00 0.00 0.0682944
4 112.00 0.00 108.00 0.00 100.00 0.00 104.00 0.00 3.22862
4 116.00 0.00 114.00 0.00 96.00 0.00 98.00 0.00 0.0421577
4 112.00 0.00 110.00 0.00 100.00 0.00 102.00 0.00 0.243324
4 114.00 0.00 112.00 0.00 98.00 0.00 100.00 0.00 0.0688521
4 156.00 0.00 136.00 0.00 56.00 0.00 76.00 0.00 0.0650433
4 136.00 0.00 116.00 0.00 76.00 0.00 96.00 0.00 0.49759
4 148.00 0.00 136.00 0.00 64.00 0.00 76.00 0.00 0.0264176
4 124.00 0.00 120.00 0.00 88.00 0.00 92.00 0.00 0.03124
4 110.00 0.00 108.00 0.00 104.00 0.00 106.00 0.00 10.4158
4 114.00 0.00 112.00 0.00 100.00 0.00 102.00 0.00 0.142781
4 116.00 0.00 114.00 0.00 98.00 0.00 100.00 0.00 0.0540284
4 112.00 0.00 110.00 0.00 102.00 0.00 104.00 0.00 0.625515
4 148.00 0.00 128.00 0.00 68.00 0.00 88.00 0.00 0.121902
4 140.00 0.00 132.00 0.00 76.00 0.00 84.00 0.00 0.0201517
4 132.00 0.00 120.00 0.00 84.00 0.00 96.00 0.00 0.190185
4 120.00 0.00 112.00 0.00 96.00 0.00 104.00 0.00 1.49769
4 156.00 0.00 144.00 0.00 60.00 0.00 72.00 0.00 0.0232788
4 112.00 0.00 110.00 0.00 104.00 0.00 106.00 0.00 2.1482
4 116.00 0.00 112.00 0.00 100.00 0.00 104.00 0.00 0.765887
4 140.00 0.00 124.00 0.00 76.00 0.00 92.00 0.00 0.145492
4 116.00 0.00 114.00 0.00 100.00 0.00 102.00 0.00 0.105296
4 148.00 0.00 140.00 0.00 68.00 0.00 76.00 0.00 0.0116253
4 144.00 0.00 136.00 0.00 72.00 0.00 80.00 0.00 0.0124627
4 128.00 0.00 120.00 0.00 88.00 0.00 96.00 0.00 0.114003
4 124.00 0.00 116.00 0.00 92.00 0.00 100.00 0.00 0.313512
4 148.00 0.00 132.00 0.00 68.00 0.00 84.00 0.00 0.0628604
4 132.00 0.00 124.00 0.00 84.00 0.00 92.00 0.00 0.0586082
4 118.00 0.00 116.00 0.00 98.00 0.00 100.00 0.00 0.040649
4 124.00 0.00 120.00 0.00 92.00 0.00 96.00 0.00 0.0384479
4 120.00 0.00 116.00 0.00 96.00 0.00 100.00 0.00 0.133986
4 156.00 0.00 140.00 0.00 60.00 0.00 76.00 0.00 0.0428531
4 144.00 0.00 132.00 0.00 72.00 0.00 84.00 0.00 0.038435
4 114.00 0.00 112.00 0.00 102.00 0.00 104.00 0.00 0.31023
4 128.00 0.00 124.00 0.00 88.00 0.00 92.00 0.00 0.0199279
4 132.00 0.00 116.00 0.00 84.00 0.00 100.00 0.00 0.622322
4 136.00 0.00 128.00 0.00 80.00 0.00 88.00 0.00 0.0346242
4 114.00 0.00 112.00 0.00 104.00 0.00 106.00 0.00 0.789198
4 118.00 0.00 116.00 0.00 100.00 0.00 102.00 0.00 0.0766681
4 112.00 0.00 110.00 0.00 106.00 0.00 108.00 0.00 6.77059
4 116.00 0.00 114.00 0.00 102.00 0.00 104.00 0.00 0.205007
4 120.00 0.00 116.00 0.00 100.00 0.00 104.00 0.00 0.377607
4 116.00 0.00 112.00 0.00 104.00 0.00 108.00 0.00 3.5491
4 124.00 0.00 120.00 0.00 96.00 0.00 100.00 0.00 0.0706037
4 120.00 0.00 118.00 0.00 100.00 0.00 102.00 0.00 0.0577643
4 116.00 0.00 114.00 0.00 104.00 0.00 106.00 0.00 0.418103
4 152.00 0.00 140.00 0.00 68.00 0.00 80.00 0.00 0.0270085
4 114.00 0.00 112.00 0.00 106.00 0.00 108.00 0.00 1.6578
4 128.00 0.00 124.00 0.00 92.00 0.00 96.00 0.00 0.0234915
4 140.00 0.00 120.00 0.00 80.00 0.00 100.00 0.00 0.457545
4 160.00 0.00 140.00 0.00 60.00 0.00 80.00 0.00 0.0646814
4 118.00 0.00 116.00 0.00 102.00 0.00 104.00 0.00 0.140212
4 128.00 0.00 116.00 0.00 92.00 0.00 104.00 0.00 1.025
4 140.00 0.00 128.00 0.00 80.00 0.00 92.00 0.00 0.076803
4 114.00 0.00 112.00 0.00 108.00 0.00 110.00 0.00 5.25338
4 118.00 0.00 116.00 0.00 104.00 0.00 106.00 0.00 0.247763
4 120.00 0.00 118.00 0.00 102.00 0.00 104.00 0.00 0.100683
4 116.00 0.00 114.00 0.00 106.00 0.00 108.00 0.00 0.680099
4 120.00 0.00 118.00 0.00 104.00 0.00 106.00 0.00 0.165537
4 116.00 0.00 114.00 0.00 108.00 0.00 110.00 0.00 1.34067
4 152.00 0.00 136.00 0.00 72.00 0.00 88.00 0.00 0.0578184
4 140.00 0.00 132.00 0.00 84.00 0.00 92.00 0.00 0.0338567
4 136.00 0.00 128.00 0.00 88.00 0.00 96.00 0.00 0.0540077
4 136.00 0.00 124.00 0.00 88.00 0.00 100.00 0.00 0.18449
4 144.00 0.00 128.00 0.00 80.00 0.00 96.00 0.00 0.135759
4 124.00 0.00 120.00 0.00 100.00 0.00 104.00 0.00 0.174361
4 144.00 0.00 136.00 0.00 80.00 0.00 88.00 0.00 0.0193139
4 124.00 0.00 116.00 0.00 100.00 0.00 108.00 0.00 1.89034
4 148.00 0.00 140.00 0.00 76.00 0.00 84.00 0.00 0.0135342
4 128.00 0.00 120.00 0.00 96.00 0.00 104.00 0.00 0.380461
4 148.00 0.00 136.00 0.00 76.00 0.00 88.00 0.00 0.0362165
4 118.00 0.00 116.00 0.00 106.00 0.00 108.00 0.00 0.342794
4 132.00 0.00 128.00 0.00 92.00 0.00 96.00 0.00 0.0146148
4 132.00 0.00 124.00 0.00 92.00 0.00 100.00 0.00 0.10421
4 120.00 0.00 116.00 0.00 104.00 0.00 108.00 0.00 0.962198
4 152.00 0.00 144.00 0.00 72.00 0.00 80.00 0.00 0.0102742
4 160.00 0.00 148.00 0.00 64.00 0.00 76.00 0.00 0.0219244
4 152.00 0.00 132.00 0.00 72.00 0.00 92.00 0.00 0.120858
4 160.00 0.00 144.00 0.00 64.00 0.00 80.00 0.00 0.0399081
4 136.00 0.00 120.00 0.00 88.00 0.00 104.00 0.00 0.6911
4 128.00 0.00 124.00 0.00 96.00 0.00 100.00 0.00 0.0408446
4 118.00 0.00 116.00 0.00 108.00 0.00 110.00 0.00 0.517883
4 120.00 0.00 118.00 0.00 106.00 0.00 108.00 0.00 0.203615
4 116.00 0.00 114.00 0.00 110.00 0.00 112.00 0.00 5.66817
4 124.00 0.00 120.00 0.00 104.00 0.00 108.00 0.00 0.374418
4 156.00 0.00 144.00 0.00 72.00 0.00 84.00 0.00 0.024591
4 118.00 0.00 116.00 0.00 110.00 0.00 112.00 0.00 1.38336
4 144.00 0.00 124.00 0.00 84.00 0.00 104.00 0.00 0.507424
4 128.00 0.00 124.00 0.00 100.00 0.00 104.00 0.00 0.0937685
4 120.00 0.00 116.00 0.00 108.00 0.00 112.00 0.00 2.65045
4 144.00 0.00 132.00 0.00 84.00 0.00 96.00 0.00 0.0733045
4 120.00 0.00 118.00 0.00 108.00 0.00 110.00 0.00 0.250932
4 132.00 0.00 120.00 0.00 96.00 0.00 108.00 0.00 1.1154
4 132.00 0.00 128.00 0.00 96.00 0.00 100.00 0.00 0.0241814
4 118.00 0.00 116.00 0.00 112.00 0.00 114.00 0.00 7.58348
4 120.00 0.00 118.00 0.00 110.00 0.00 112.00 0.00 0.493375
4 128.00 0.00 124.00 0.00 104.00 0.00 108.00 0.00 0.184094
4 132.00 0.00 128.00 0.00 100.00 0.00 104.00 0.00 0.0534183
4 156.00 0.00 148.00 0.00 76.00 0.00 84.00 0.00 0.0115432
4 140.00 0.00 124.00 0.00 92.00 0.00 108.00 0.00 0.755113
4 152.00 0.00 140.00 0.00 80.00 0.00 92.00 0.00 0.0411927
4 140.00 0.00 132.00 0.00 92.00 0.00 100.00 0.00 0.0508265
4 136.00 0.00 128.00 0.00 96.00 0.00 104.00 0.00 0.141793
4 120.00 0.00 118.00 0.00 112.00 0.00 114.00 0.00 1.56175
4 128.00 0.00 120.00 0.00 104.00 0.00 112.00 0.00 1.30872
4 156.00 0.00 140.00 0.00 76.00 0.00 92.00 0.00 0.0633628
4 156.00 0.00 136.00 0.00 76.00 0.00 96.00 0.00 0.11053
4 148.00 0.00 140.00 0.00 84.00 0.00 92.00 0.00 0.0206389
4 148.00 0.00 132.00 0.00 84.00 0.00 100.00 0.00 0.133871
4 152.00 0.00 144.00 0.00 80.00 0.00 88.00 0.00 0.0149821
4 124.00 0.00 120.00 0.00 108.00 0.00 112.00 0.00 0.533801
4 132.00 0.00 124.00 0.00 100.00 0.00 108.00 0.00 0.429521
4 140.00 0.00 128.00 0.00 92.00 0.00 104.00 0.00 0.20867
4 136.00 0.00 132.00 0.00 96.00 0.00 100.00 0.00 0.0199427
4 144.00 0.00 136.00 0.00 88.00 0.00 96.00 0.00 0.0268295
4 120.00 0.00 118.00 0.00 114.00 0.00 116.00 0.00 9.31283
4 136.00 0.00 124.00 0.00 100.00 0.00 112.00 0.00 0.937274
4 136.00 0.00 132.00 0.00 100.00 0.00 104.00 0.00 0.0427944
4 124.00 0.00 120.00 0.00 112.00 0.00 116.00 0.00 2.78792
4 160.00 0.00 148.00 0.00 76.00 0.00 88.00 0.00 0.0268697
4 128.00 0.00 124.00 0.00 108.00 0.00 112.00 0.00 0.215654
4 132.00 0.00 128.00 0.00 104.00 0.00 108.00 0.00 0.0970362
4 148.00 0.00 128.00 0.00 88.00 0.00 108.00 0.00 0.559814
4 148.00 0.00 136.00 0.00 88.00 0.00 100.00 0.00 0.0629971
4 152.00 0.00 144.00 0.00 88.00 0.00 96.00 0.00 0.0193169
4 132.00 0.00 124.00 0.00 108.00 0.00 116.00 0.00 1.13055
4 140.00 0.00 132.00 0.00 100.00 0.00 108.00 0.00 0.169083
4 160.00 0.00 144.00 0.00 80.00 0.00 96.00 0.00 0.060554
4 160.00 0.00 152.00 0.00 80.00 0.00 88.00 0.00 0.0113157
4 144.00 0.00 132.00 0.00 96.00 0.00 108.00 0.00 0.255953
4 152.00 0.00 136.00 0.00 88.00 0.00 104.00 0.00 0.142328
4 156.00 0.00 148.00 0.00 84.00 0.00 92.00 0.00 0.0166196
4 160.00 0.00 140.00 0.00 80.00 0.00 100.00 0.00 0.115096
4 128.00 0.00 124.00 0.00 112.00 0.00 116.00 0.00 0.583683
4 136.00 0.00 128.00 0.00 104.00 0.00 112.00 0.00 0.346186
4 148.00 0.00 140.00 0.00 92.00 0.00 100.00 0.00 0.0268503
4 132.00 0.00 128.00 0.00 108.00 0.00 112.00 0.00 0.103776
4 156.00 0.00 144.00 0.00 84.00 0.00 96.00 0.00 0.0389838
4 140.00 0.00 136.00 0.00 100.00 0.00 104.00 0.00 0.0203957
4 136.00 0.00 132.00 0.00 104.00 0.00 108.00 0.00 0.0714155
4 144.00 0.00 128.00 0.00 96.00 0.00 112.00 0.00 0.666582
4 144.00 0.00 136.00 0.00 96.00 0.00 104.00 0.00 0.0585696
4 152.00 0.00 140.00 0.00 92.00 0.00 104.00 0.00 0.0802657
4 132.00 0.00 128.00 0.00 112.00 0.00 116.00 0.00 0.226522
4 140.00 0.00 128.00 0.00 104.00 0.00 116.00 0.00 0.839394
4 140.00 0.00 136.00 0.00 104.00 0.00 108.00 0.00 0.0332108
4 136.00 0.00 132.00 0.00 108.00 0.00 112.00 0.00 0.0723445
4 152.00 0.00 132.00 0.00 92.00 0.00 112.00 0.00 0.525932
4 128.00 0.00 124.00 0.00 116.00 0.00 120.00 0.00 3.37337
4 148.00 0.00 132.00 0.00 100.00 0.00 116.00 0.00 0.661933
4 140.00 0.00 136.00 0.00 108.00 0.00 112.00 0.00 0.0318183
4 136.00 0.00 132.00 0.00 112.00 0.00 116.00 0.00 0.141432
4 152.00 0.00 144.00 0.00 96.00 0.00 104.00 0.00 0.036671
4 156.00 0.00 140.00 0.00 92.00 0.00 108.00 0.00 0.173762
4 156.00 0.00 148.00 0.00 92.00 0.00 100.00 0.00 0.0201222
4 136.00 0.00 128.00 0.00 112.00 0.00 120.00 0.00 1.4078
4 148.00 0.00 140.00 0.00 100.00 0.00 108.00 0.00 0.0759065
4 148.00 0.00 136.00 0.00 100.00 0.00 112.00 0.00 0.204144
4 160.00 0.00 152.00 0.00 88.00 0.00 96.00 0.00 0.0138411
4 132.00 0.00 128.00 0.00 116.00 0.00 120.00 0.00 0.683007
4 140.00 0.00 132.00 0.00 108.00 0.00 116.00 0.00 0.305327
4 144.00 0.00 140.00 0.00 104.00 0.00 108.00 0.00 0.0274029
4 144.00 0.00 136.00 0.00 104.00 0.00 112.00 0.00 0.119114
4 160.00 0.00 148.00 0.00 88.00 0.00 100.00 0.00 0.0394693
4 156.00 0.00 136.00 0.00 96.00 0.00 116.00 0.00 0.483212
4 144.00 0.00 140.00 0.00 108.00 0.00 112.00 0.00 0.0249789
4 136.00 0.00 132.00 0.00 116.00 0.00 120.00 0.00 0.355474
4 156.00 0.00 144.00 0.00 96.00 0.00 108.00 0.00 0.098207
4 144.00 0.00 132.00 0.00 108.00 0.00 120.00 0.00 0.956197
4 140.00 0.00 136.00 0.00 112.00 0.00 116.00 0.00 0.0583314
4 132.00 0.00 128.00 0.00 120.00 0.00 124.00 0.00 2.36436
4 148.00 0.00 140.00 0.00 108.00 0.00 116.00 0.00 0.11043
4 144.00 0.00 136.00 0.00 112.00 0.00 120.00 0.00 0.328265
4 152.00 0.00 144.00 0.00 104.00 0.00 112.00 0.00 0.0659703
4 144.00 0.00 140.00 0.00 112.00 0.00 116.00 0.00 0.0431602
4 140.00 0.00 136.00 0.00 116.00 0.00 120.00 0.00 0.133683
4 148.00 0.00 144.00 0.00 108.00 0.00 112.00 0.00 0.0155353
4 152.00 0.00 136.00 0.00 104.00 0.00 120.00 0.00 0.659688
4 156.00 0.00 148.00 0.00 100.00 0.00 108.00 0.00 0.0496139
4 160.00 0.00 152.00 0.00 96.00 0.00 104.00 0.00 0.0237556
4 152.00 0.00 140.00 0.00 104.00 0.00 116.00 0.00 0.212203
4 140.00 0.00 132.00 0.00 116.00 0.00 124.00 0.00 1.49289
4 136.00 0.00 132.00 0.00 120.00 0.00 124.00 0.00 0.756834
4 160.00 0.00 144.00 0.00 96.00 0.00 112.00 0.00 0.165376
4 148.00 0.00 144.00 0.00 112.00 0.00 116.00 0.00 0.0257689
4 160.00 0.00 140.00 0.00 100.00 0.00 120.00 0.00 0.566371
4 148.00 0.00 136.00 0.00 112.00 0.00 124.00 0.00 0.879808
4 160.00 0.00 148.00 0.00 100.00 0.00 112.00 0.00 0.0969499
4 140.00 0.00 136.00 0.00 120.00 0.00 124.00 0.00 0.2458
4 136.00 0.00 132.00 0.00 124.00 0.00 128.00 0.00 2.33366
4 144.00 0.00 140.00 0.00 116.00 0.00 120.00 0.00 0.0914435
4 144.00 0.00 136.00 0.00 120.00 0.00 128.00 0.00 1.21343
4 148.00 0.00 140.00 0.00 116.00 0.00 124.00 0.00 0.370856
4 152.00 0.00 148.00 0.00 112.00 0.00 116.00 0.00 0.0229038
4 152.00 0.00 144.00 0.00 112.00 0.00 120.00 0.00 0.145546
4 140.00 0.00 136.00 0.00 124.00 0.00 128.00 0.00 0.543284
4 156.00 0.00 140.00 0.00 108.00 0.00 124.00 0.00 0.71835
4 148.00 0.00 144.00 0.00 116.00 0.00 120.00 0.00 0.0517958
4 160.00 0.00 152.00 0.00 104.00 0.00 112.00 0.00 0.0378013
4 156.00 0.00 148.00 0.00 108.00 0.00 116.00 0.00 0.0623964
4 156.00 0.00 144.00 0.00 108.00 0.00 120.00 0.00 0.228384
4 144.00 0.00 140.00 0.00 120.00 0.00 124.00 0.00 0.147758
4 140.00 0.00 136.00 0.00 128.00 0.00 132.00 0.00 1.79172
4 152.00 0.00 140.00 0.00 116.00 0.00 128.00 0.00 0.9925
4 152.00 0.00 148.00 0.00 116.00 0.00 120.00 0.00 0.0442268
4 144.00 0.00 140.00 0.00 124.00 0.00 128.00 0.00 0.275017
4 148.00 0.00 144.00 0.00 120.00 0.00 124.00 0.00 0.0787098
4 148.00 0.00 140.00 0.00 124.00 0.00 132.00 0.00 1.14879
4 144.00 0.00 140.00 0.00 128.00 0.00 132.00 0.00 0.518847
4 152.00 0.00 144.00 0.00 120.00 0.00 128.00 0.00 0.380657
4 160.00 0.00 148.00 0.00 112.00 0.00 124.00 0.00 0.264762
4 156.00 0.00 152.00 0.00 116.00 0.00 120.00 0.00 0.0269449
4 148.00 0.00 144.00 0.00 124.00 0.00 128.00 0.00 0.134449
4 152.00 0.00 148.00 0.00 120.00 0.00 124.00 0.00 0.0637488
4 160.00 0.00 144.00 0.00 112.00 0.00 128.00 0.00 0.753185
4 160.00 0.00 152.00 0.00 112.00 0.00 120.00 0.00 0.0701418
4 156.00 0.00 148.00 0.00 116.00 0.00 124.00 0.00 0.173626
4 144.00 0.00 140.00 0.00 132.00 0.00 136.00 0.00 1.87627
4 148.00 0.00 144.00 0.00 128.00 0.00 132.00 0.00 0.219803
4 152.00 0.00 148.00 0.00 124.00 0.00 128.00 0.00 0.102941
4 156.00 0.00 144.00 0.00 120.00 0.00 132.00 0.00 0.939117
4 156.00 0.00 152.00 0.00 120.00 0.00 124.00 0.00 0.0375617
4 148.00 0.00 144.00 0.00 132.00 0.00 136.00 0.00 0.516115
4 156.00 0.00 148.00 0.00 124.00 0.00 132.00 0.00 0.403539
4 152.00 0.00 148.00 0.00 128.00 0.00 132.00 0.00 0.158348
4 160.00 0.00 156.00 0.00 120.00 0.00 124.00 0.00 0.0238677
4 156.00 0.00 152.00 0.00 124.00 0.00 128.00 0.00 0.0578395
4 152.00 0.00 144.00 0.00 128.00 0.00 136.00 0.00 1.21797
4 160.00 0.00 152.00 0.00 120.00 0.00 128.00 0.00 0.155639
4 152.00 0.00 148.00 0.00 132.00 0.00 136.00 0.00 0.32289
4 160.00 0.00 148.00 0.00 124.00 0.00 136.00 0.00 1.05321
4 160.00 0.00 156.00 0.00 124.00 0.00 128.00 0.00 0.0348105
4 156.00 0.00 152.00 0.00 128.00 0.00 132.00 0.00 0.0833722
4 148.00 0.00 144.00 0.00 136.00 0.00 140.00 0.00 1.19103
4 156.00 0.00 148.00 0.00 132.00 0.00 140.00 0.00 1.1536
4 152.00 0.00 148.00 0.00 136.00 0.00 140.00 0.00 0.47515
4 160.00 0.00 152.00 0.00 128.00 0.00 136.00 0.00 0.374654
4 160.00 0.00 156.00 0.00 128.00 0.00 132.00 0.00 0.0481559
4 156.00 0.00 152.00 0.00 132.00 0.00 136.00 0.00 0.156516
4 156.00 0.00 152.00 0.00 136.00 0.00 140.00 0.00 0.198007
4 160.00 0.00 156.00 0.00 132.00 0.00 136.00 0.00 0.0851388
4 152.00 0.00 148.00 0.00 140.00 0.00 144.00 0.00 2.70299
4 160.00 0.00 152.00 0.00 136.00 0.00 144.00 0.00 1.10191
4 156.00 0.00 152.00 0.00 140.00 0.00 144.00 0.00 0.572781
4 160.00 0.00 156.00 0.00 136.00 0.00 140.00 0.00 0.0994438
4 160.00 0.00 156.00 0.00 140.00 0.00 144.00 0.00 0.230195
4 156.00 0.00 152.00 0.00 144.00 0.00 148.00 0.00 1.92023
4 160.00 0.00 156.00 0.00 144.00 0.00 148.00 0.00 0.415734
4 160.00 0.00 156.00 0.00 148.00 0.00 152.00 0.00 1.93586
4 0.00 0.00 12.00 0.00 4.00 0.00 8.00 0.00 8.77336
4 4.00 0.00 16.00 0.00 8.00 0.00 12.00 0.00 7.92703
4 0.00 0.00 24.00 0.00 8.00 0.00 16.00 0.00 4.12412
4 8.00 0.00 20.00 0.00 12.00 0.00 16.00 0.00 8.49754
4 4.00 0.00 28.00 0.00 12.00 0.00 20.00 0.00 4.08403
4 0.00 0.00 36.00 0.00 12.00 0.00 24.00 0.00 3.09303
4 12.00 0.00 24.00 0.00 16.00 0.00 20.00 0.00 7.74039
4 8.00 0.00 32.00 0.00 16.00 0.00 24.00 0.00 4.86938
4 4.00 0.00 40.00 0.00 16.00 0.00 28.00 0.00 3.31986
4 16.00 0.00 28.00 0.00 20.00 0.00 24.00 0.00 9.27772
4 12.00 0.00 36.00 0.00 20.00 0.00 28.00 0.00 5.18244
4 0.00 0.00 48.00 0.00 16.00 0.00 32.00 0.00 2.49073
4 8.00 0.00 44.00 0.00 20.00 0.00 32.00 0.00 3.45368
4 20.00 0.00 32.00 0.00 24.00 0.00 28.00 0.00 9.22075
4 16.00 0.00 40.00 0.00 24.00 0.00 32.00 0.00 3.85532
4 4.00 0.00 52.00 0.00 20.00 0.00 36.00 0.00 2.69812
4 0.00 0.00 60.00 0.00 20.00 0.00 40.00 0.00 2.20369
4 24.00 0.00 36.00 0.00 28.00 0.00 32.00 0.00 8.92469
4 12.00 0.00 48.00 0.00 24.00 0.00 36.00 0.00 2.99695
4 20.00 0.00 44.00 0.00 28.00 0.00 36.00 0.00 3.47778
4 8.00 0.00 56.00 0.00 24.00 0.00 40.00 0.00 2.4927
4 28.00 0.00 40.00 0.00 32.00 0.00 36.00 0.00 8.91065
4 16.00 0.00 52.00 0.00 28.00 0.00 40.00 0.00 2.70597
4 4.00 0.00 64.00 0.00 24.00 0.00 44.00 0.00 2.03348
4 24.00 0.00 48.00 0.00 32.00 0.00 40.00 0.00 3.95501
4 0.00 0.00 72.00 0.00 24.00 0.00 48.00 0.00 1.68362
4 12.00 0.00 60.00 0.00 28.00 0.00 44.00 0.00 2.22287
4 8.00 0.00 68.00 0.00 28.00 0.00 48.00 0.00 1.86247
4 32.00 0.00 44.00 0.00 36.00 0.00 40.00 0.00 8.58959
4 20.00 0.00 56.00 0.00 32.00 0.00 44.00 0.00 2.59229
4 16.00 0.00 64.00 0.00 32.00 0.00 48.00 0.00 2.03914
4 28.00 0.00 52.00 0.00 36.00 0.00 44.00 0.00 3.93248
4 4.00 0.00 76.00 0.00 28.00 0.00 52.00 0.00 1.65538
4 24.00 0.00 60.00 0.00 36.00 0.00 48.00 0.00 2.6289
4 36.00 0.00 48.00 0.00 40.00 0.00 44.00 0.00 7.90675
4 12.00 0.00 72.00 0.00 32.00 0.00 52.00 0.00 1.7932
4 0.00 0.00 84.00 0.00 28.00 0.00 56.00 0.00 1.5668
4 40.00 0.00 46.00 0.00 42.00 0.00 44.00 0.00 18.2008
4 20.00 0.00 68.00 0.00 36.00 0.00 52.00 0.00 2.03213
4 32.00 0.00 56.00 0.00 40.00 0.00 48.00 0.00 3.39168
4 8.00 0.00 80.00 0.00 32.00 0.00 56.00 0.00 1.71759
4 42.00 0.00 48.00 0.00 44.00 0.00 46.00 0.00 17.214
4 16.00 0.00 76.00 0.00 36.00 0.00 56.00 0.00 1.81095
4 28.00 0.00 64.00 0.00 40.00 0.00 52.00 0.00 2.57792
4 4.00 0.00 88.00 0.00 32.00 0.00 60.00 0.00 1.59363
4 40.00 0.00 52.00 0.00 44.00 0.00 48.00 0.00 7.14401
4 44.00 0.00 50.00 0.00 46.00 0.00 48.00 0.00 17.4817
4 12.00 0.00 84.00 0.00 36.00 0.00 60.00 0.00 1.71848
4 0.00 0.00 96.00 0.00 32.00 0.00 64.00 0.00 1.50064
4 36.00 0.00 60.00 0.00 44.00 0.00 52.00 0.00 3.58252
4 24.00 0.00 72.00 0.00 40.00 0.00 56.00 0.00 2.06393
4 42.00 0.00 54.00 0.00 46.00 0.00 50.00 0.00 7.55942
4 46.00 0.00 52.00 0.00 48.00 0.00 50.00 0.00 19.4007
4 40.00 0.00 58.00 0.00 46.00 0.00 52.00 0.00 4.89739
4 8.00 0.00 92.00 0.00 36.00 0.00 64.00 0.00 1.60221
4 32.00 0.00 68.00 0.00 44.00 0.00 56.00 0.00 2.67803
4 20.00 0.00 80.00 0.00 40.00 0.00 60.00 0.00 1.80168
4 44.00 0.00 56.00 0.00 48.00 0.00 52.00 0.00 7.86241
4 42.00 0.00 60.00 0.00 48.00 0.00 54.00 0.00 5.27363
4 48.00 0.00 54.00 0.00 50.00 0.00 52.00 0.00 19.7813
4 46.00 0.00 58.00 0.00 50.00 0.00 54.00 0.00 8.24732
4 4.00 0.00 100.00 0.00 36.00 0.00 68.00 0.00 1.53247
4 40.00 0.00 64.00 0.00 48.00 0.00 56.00 0.00 4.03426
4 16.00 0.00 88.00 0.00 40.00 0.00 64.00 0.00 1.68188
4 28.00 0.00 76.00 0.00 44.00 0.00 60.00 0.00 2.17512
4 44.00 0.00 62.00 0.00 50.00 0.00 56.00 0.00 5.46332
4 50.00 0.00 56.00 0.00 52.00 0.00 54.00 0.00 20.623
4 0.00 0.00 108.00 0.00 36.00 0.00 72.00 0.00 1.40595
4 12.00 0.00 96.00 0.00 40.00 0.00 68.00 0.00 1.59859
4 48.00 0.00 60.00 0.00 52.00 0.00 56.00 0.00 8.58438
4 36.00 0.00 72.00 0.00 48.00 0.00 60.00 0.00 2.72908
4 24.00 0.00 84.00 0.00 44.00 0.00 64.00 0.00 1.93805
4 46.00 0.00 64.00 0.00 52.00 0.00 58.00 0.00 5.21486
4 52.00 0.00 58.00 0.00 54.00 0.00 56.00 0.00 21.3386
4 44.00 0.00 68.00 0.00 52.00 0.00 60.00 0.00 4.05544
4 50.00 0.00 62.00 0.00 54.00 0.00 58.00 0.00 8.48216
4 8.00 0.00 104.00 0.00 40.00 0.00 72.00 0.00 1.52549
4 20.00 0.00 92.00 0.00 44.00 0.00 68.00 0.00 1.69809
4 32.00 0.00 80.00 0.00 48.00 0.00 64.00 0.00 2.3485
4 48.00 0.00 66.00 0.00 54.00 0.00 60.00 0.00 5.28896
4 54.00 0.00 60.00 0.00 56.00 0.00 58.00 0.00 20.1416
4 16.00 0.00 100.00 0.00 44.00 0.00 72.00 0.00 1.65431
4 28.00 0.00 88.00 0.00 48.00 0.00 68.00 0.00 2.07893
4 4.00 0.00 112.00 0.00 40.00 0.00 76.00 0.00 1.36475
4 52.00 0.00 64.00 0.00 56.00 0.00 60.00 0.00 8.22785
4 40.00 0.00 76.00 0.00 52.00 0.00 64.00 0.00 2.93466
4 56.00 0.00 62.00 0.00 58.00 0.00 60.00 0.00 21.6571
4 50.00 0.00 68.00 0.00 56.00 0.00 62.00 0.00 5.15529
4 36.00 0.00 84.00 0.00 52.00 0.00 68.00 0.00 2.47897
4 24.00 0.00 96.00 0.00 48.00 0.00 72.00 0.00 1.88175
4 48.00 0.00 72.00 0.00 56.00 0.00 64.00 0.00 3.75755
4 12.00 0.00 108.00 0.00 44.00 0.00 76.00 0.00 1.42841
4 0.00 0.00 120.00 0.00 40.00 0.00 80.00 0.00 1.26962
4 54.00 0.00 66.00 0.00 58.00 0.00 62.00 0.00 8.74142
4 52.00 0.00 70.00 0.00 58.00 0.00 64.00 0.00 5.39547
4 58.00 0.00 64.00 0.00 60.00 0.00 62.00 0.00 20.9438
4 20.00 0.00 104.00 0.00 48.00 0.00 76.00 0.00 1.5961
4 44.00 0.00 80.00 0.00 56.00 0.00 68.00 0.00 2.9877
4 8.00 0.00 116.00 0.00 44.00 0.00 80.00 0.00 1.34718
4 56.00 0.00 68.00 0.00 60.00 0.00 64.00 0.00 9.04806
4 32.00 0.00 92.00 0.00 52.00 0.00 72.00 0.00 2.15757
4 54.00 0.00 72.00 0.00 60.00 0.00 66.00 0.00 5.10027
4 60.00 0.00 66.00 0.00 62.00 0.00 64.00 0.00 25.3956
4 28.00 0.00 100.00 0.00 52.00 0.00 76.00 0.00 1.87374
4 16.00 0.00 112.00 0.00 48.00 0.00 80.00 0.00 1.41667
4 4.00 0.00 124.00 0.00 44.00 0.00 84.00 0.00 1.26629
4 40.00 0.00 88.00 0.00 56.00 0.00 72.00 0.00 2.57987
4 58.00 0.00 70.00 0.00 62.00 0.00 66.00 0.00 8.40484
4 52.00 0.00 76.00 0.00 60.00 0.00 68.00 0.00 4.15942
4 62.00 0.00 68.00 0.00 64.00 0.00 66.00 0.00 21.6763
4 56.00 0.00 74.00 0.00 62.00 0.00 68.00 0.00 5.67915
4 24.00 0.00 108.00 0.00 52.00 0.00 80.00 0.00 1.53377
4 12.00 0.00 120.00 0.00 48.00 0.00 84.00 0.00 1.34354
4 0.00 0.00 132.00 0.00 44.00 0.00 88.00 0.00 1.22248
4 48.00 0.00 84.00 0.00 60.00 0.00 72.00 0.00 3.1615
4 60.00 0.00 72.00 0.00 64.00 0.00 68.00 0.00 8.11367
4 36.00 0.00 96.00 0.00 56.00 0.00 76.00 0.00 2.07673
4 64.00 0.00 70.00 0.00 66.00 0.00 68.00 0.00 25.9623
4 58.00 0.00 76.00 0.00 64.00 0.00 70.00 0.00 5.64504
4 32.00 0.00 104.00 0.00 56.00 0.00 80.00 0.00 1.76067
4 8.00 0.00 128.00 0.00 48.00 0.00 88.00 0.00 1.2902
4 56.00 0.00 80.00 0.00 64.00 0.00 72.00 0.00 4.54397
4 44.00 0.00 92.00 0.00 60.00 0.00 76.00 0.00 2.38337
4 20.00 0.00 116.00 0.00 52.00 0.00 84.00 0.00 1.4003
4 62.00 0.00 74.00 0.00 66.00 0.00 70.00 0.00 8.97297
4 66.00 0.00 72.00 0.00 68.00 0.00 70.00 0.00 20.4663
4 60.00 0.00 78.00 0.00 66.00 0.00 72.00 0.00 5.91018
4 52.00 0.00 88.00 0.00 64.00 0.00 76.00 0.00 2.95804
4 40.00 0.00 100.00 0.00 60.00 0.00 80.00 0.00 2.04994
4 64.00 0.00 76.00 0.00 68.00 0.00 72.00 0.00 8.88741
4 28.00 0.00 112.00 0.00 56.00 0.00 84.00 0.00 1.51911
4 16.00 0.00 124.00 0.00 52.00 0.00 88.00 0.00 1.32518
4 4.00 0.00 136.00 0.00 48.00 0.00 92.00 0.00 1.24401
4 62.00 0.00 80.00 0.00 68.00 0.00 74.00 0.00 5.26728
4 68.00 0.00 74.00 0.00 70.00 0.00 72.00 0.00 21.9869
4 66.00 0.00 78.00 0.00 70.00 0.00 74.00 0.00 7.31522
4 60.00 0.00 84.00 0.00 68.00 0.00 76.00 0.00 4.13527
4 24.00 0.00 120.00 0.00 56.00 0.00 88.00 0.00 1.39332
4 36.00 0.00 108.00 0.00 60.00 0.00 84.00 0.00 1.64428
4 48.00 0.00 96.00 0.00 64.00 0.00 80.00 0.00 2.2689
4 12.00 0.00 132.00 0.00 52.00 0.00 92.00 0.00 1.29421
4 0.00 0.00 144.00 0.00 48.00 0.00 96.00 0.00 1.19278
4 64.00 0.00 82.00 0.00 70.00 0.00 76.00 0.00 5.02967
4 70.00 0.00 76.00 0.00 72.00 0.00 74.00 0.00 11.6332
4 20.00 0.00 128.00 0.00 56.00 0.00 92.00 0.00 1.29866
4 32.00 0.00 116.00 0.00 60.00 0.00 88.00 0.00 1.51061
4 68.00 0.00 80.00 0.00 72.00 0.00 76.00 0.00 7.02223
4 56.00 0.00 92.00 0.00 68.00 0.00 80.00 0.00 2.84324
4 44.00 0.00 104.00 0.00 64.00 0.00 84.00 0.00 1.92305
4 8.00 0.00 140.00 0.00 52.00 0.00 96.00 0.00 1.23732
4 66.00 0.00 84.00 0.00 72.00 0.00 78.00 0.00 4.37339
4 72.00 0.00 78.00 0.00 74.00 0.00 76.00 0.00 19.0102
4 64.00 0.00 88.00 0.00 72.00 0.00 80.00 0.00 3.49986
4 70.00 0.00 82.00 0.00 74.00 0.00 78.00 0.00 7.5196
4 16.00 0.00 136.00 0.00 56.00 0.00 96.00 0.00 1.23316
4 4.00 0.00 148.00 0.00 52.00 0.00 100.00 0.00 1.19607
4 28.00 0.00 124.00 0.00 60.00 0.00 92.00 0.00 1.3931
4 52.00 0.00 100.00 0.00 68.00 0.00 84.00 0.00 2.28988
4 40.00 0.00 112.00 0.00 64.00 0.00 88.00 0.00 1.63135
4 68.00 0.00 86.00 0.00 74.00 0.00 80.00 0.00 4.69045
4 74.00 0.00 80.00 0.00 76.00 0.00 78.00 0.00 17.0933
4 72.00 0.00 84.00 0.00 76.00 0.00 80.00 0.00 7.21841
4 60.00 0.00 96.00 0.00 72.00 0.00 84.00 0.00 2.63987
4 12.00 0.00 144.00 0.00 56.00 0.00 100.00 0.00 1.20738
4 36.00 0.00 120.00 0.00 64.00 0.00 92.00 0.00 1.47114
4 24.00 0.00 132.00 0.00 60.00 0.00 96.00 0.00 1.28663
4 48.00 0.00 108.00 0.00 68.00 0.00 88.00 0.00 1.76436
4 76.00 0.00 82.00 0.00 78.00 0.00 80.00 0.00 17.8855
4 70.00 0.00 88.00 0.00 76.00 0.00 82.00 0.00 4.7699
4 56.00 0.00 104.00 0.00 72.00 0.00 88.00 0.00 2.18417
4 44.00 0.00 116.00 0.00 68.00 0.00 92.00 0.00 1.60395
4 68.00 0.00 92.00 0.00 76.00 0.00 84.00 0.00 3.69831
4 8.00 0.00 152.00 0.00 56.00 0.00 104.00 0.00 1.20544
4 32.00 0.00 128.00 0.00 64.00 0.00 96.00 0.00 1.33211
4 74.00 0.00 86.00 0.00 78.00 0.00 82.00 0.00 6.66041
4 20.00 0.00 140.00 0.00 60.00 0.00 100.00 0.00 1.21073
4 72.00 0.00 90.00 0.00 78.00 0.00 84.00 0.00 4.70346
4 78.00 0.00 84.00 0.00 80.00 0.00 82.00 0.00 17.825
4 16.00 0.00 148.00 0.00 60.00 0.00 104.00 0.00 1.22074
4 52.00 0.00 112.00 0.00 72.00 0.00 92.00 0.00 1.70838
4 40.00 0.00 124.00 0.00 68.00 0.00 96.00 0.00 1.40933
4 64.00 0.00 100.00 0.00 76.00 0.00 88.00 0.00 2.93828
4 76.00 0.00 88.00 0.00 80.00 0.00 84.00 0.00 7.21272
4 28.00 0.00 136.00 0.00 64.00 0.00 100.00 0.00 1.25348
4 74.00 0.00 92.00 0.00 80.00 0.00 86.00 0.00 4.78854
4 80.00 0.00 86.00 0.00 82.00 0.00 84.00 0.00 17.8664
4 48.00 0.00 120.00 0.00 72.00 0.00 96.00 0.00 1.43929
4 12.00 0.00 156.00 0.00 60.00 0.00 108.00 0.00 1.23221
4 60.00 0.00 108.00 0.00 76.00 0.00 92.00 0.00 2.1365
4 78.00 0.00 90.00 0.00 82.00 0.00 86.00 0.00 7.37915
4 72.00 0.00 96.00 0.00 80.00 0.00 88.00 0.00 4.11869
4 36.00 0.00 132.00 0.00 68.00 0.00 100.00 0.00 1.30505
4 24.00 0.00 144.00 0.00 64.00 0.00 104.00 0.00 1.24213
4 82.00 0.00 88.00 0.00 84.00 0.00 86.00 0.00 20.4617
4 76.00 0.00 94.00 0.00 82.00 0.00 88.00 0.00 4.76931
4 44.00 0.00 128.00 0.00 72.00 0.00 100.00 0.00 1.31892
4 32.00 0.00 140.00 0.00 68.00 0.00 104.00 0.00 1.28359
4 20.00 0.00 152.00 0.00 64.00 0.00 108.00 0.00 1.23467
4 68.00 0.00 104.00 0.00 80.00 0.00 92.00 0.00 3.11861
4 80.00 0.00 92.00 0.00 84.00 0.00 88.00 0.00 7.1874
4 56.00 0.00 116.00 0.00 76.00 0.00 96.00 0.00 1.74245
4 84.00 0.00 90.00 0.00 86.00 0.00 88.00 0.00 17.248
4 78.00 0.00 96.00 0.00 84.00 0.00 90.00 0.00 5.01341
4 52.00 0.00 124.00 0.00 76.00 0.00 100.00 0.00 1.46234
4 76.00 0.00 100.00 0.00 84.00 0.00 92.00 0.00 4.22333
4 64.00 0.00 112.00 0.00 80.00 0.00 96.00 0.00 2.16243
4 28.00 0.00 148.00 0.00 68.00 0.00 108.00 0.00 1.29679
4 40.00 0.00 136.00 0.00 72.00 0.00 104.00 0.00 1.29589
4 16.00 0.00 160.00 0.00 64.00 0.00 112.00 0.00 1.19076
4 82.00 0.00 94.00 0.00 86.00 0.00 90.00 0.00 6.87898
4 86.00 0.00 92.00 0.00 88.00 0.00 90.00 0.00 20.9279
4 80.00 0.00 98.00 0.00 86.00 0.00 92.00 0.00 4.78424
4 24.00 0.00 156.00 0.00 68.00 0.00 112.00 0.00 1.21511
4 72.00 0.00 108.00 0.00 84.00 0.00 96.00 0.00 2.86498
4 60.00 0.00 120.00 0.00 80.00 0.00 100.00 0.00 1.75713
4 84.00 0.00 96.00 0.00 88.00 0.00 92.00 0.00 7.11996
4 36.00 0.00 144.00 0.00 72.00 0.00 108.00 0.00 1.30469
4 48.00 0.00 132.00 0.00 76.00 0.00 104.00 0.00 1.40385
4 82.00 0.00 100.00 0.00 88.00 0.00 94.00 0.00 4.84736
4 88.00 0.00 94.00 0.00 90.00 0.00 92.00 0.00 11.6208
4 86.00 0.00 98.00 0.00 90.00 0.00 94.00 0.00 6.89061
4 80.00 0.00 104.00 0.00 88.00 0.00 96.00 0.00 3.83011
4 44.00 0.00 140.00 0.00 76.00 0.00 108.00 0.00 1.39823
4 56.00 0.00 128.00 0.00 80.00 0.00 104.00 0.00 1.60573
4 68.00 0.00 116.00 0.00 84.00 0.00 100.00 0.00 2.23357
4 32.00 0.00 152.00 0.00 72.00 0.00 112.00 0.00 1.22875
4 84.00 0.00 102.00 0.00 90.00 0.00 96.00 0.00 4.61886
4 90.00 0.00 96.00 0.00 92.00 0.00 94.00 0.00 19.0296
4 28.00 0.00 160.00 0.00 72.00 0.00 116.00 0.00 1.18535
4 40.00 0.00 148.00 0.00 76.00 0.00 112.00 0.00 1.31523
4 52.00 0.00 136.00 0.00 80.00 0.00 108.00 0.00 1.50691
4 88.00 0.00 100.00 0.00 92.00 0.00 96.00 0.00 6.95646
4 76.00 0.00 112.00 0.00 88.00 0.00 100.00 0.00 2.72491
4 64.00 0.00 124.00 0.00 84.00 0.00 104.00 0.00 1.91257
4 86.00 0.00 104.00 0.00 92.00 0.00 98.00 0.00 4.7583
4 92.00 0.00 98.00 0.00 94.00 0.00 96.00 0.00 18.4447
4 84.00 0.00 108.00 0.00 92.00 0.00 100.00 0.00 3.32516
4 90.00 0.00 102.00 0.00 94.00 0.00 98.00 0.00 7.71867
4 48.00 0.00 144.00 0.00 80.00 0.00 112.00 0.00 1.3779
4 36.00 0.00 156.00 0.00 76.00 0.00 116.00 0.00 1.23902
4 72.00 0.00 120.00 0.00 88.00 0.00 104.00 0.00 2.42738
4 60.00 0.00 132.00 0.00 84.00 0.00 108.00 0.00 1.76288
4 88.00 0.00 106.00 0.00 94.00 0.00 100.00 0.00 4.34124
4 94.00 0.00 100.00 0.00 96.00 0.00 98.00 0.00 22.5611
4 92.00 0.00 104.00 0.00 96.00 0.00 100.00 0.00 7.4575
4 80.00 0.00 116.00 0.00 92.00 0.00 104.00 0.00 2.95117
4 56.00 0.00 140.00 0.00 84.00 0.00 112.00 0.00 1.52459
4 44.00 0.00 152.00 0.00 80.00 0.00 116.00 0.00 1.30928
4 68.00 0.00 128.00 0.00 88.00 0.00 108.00 0.00 2.0873
4 96.00 0.00 102.00 0.00 98.00 0.00 100.00 0.00 23.662
4 90.00 0.00 108.00 0.00 96.00 0.00 102.00 0.00 4.76889
4 40.00 0.00 160.00 0.00 80.00 0.00 120.00 0.00 1.29064
4 76.00 0.00 124.00 0.00 92.00 0.00 108.00 0.00 2.5099
4 64.00 0.00 136.00 0.00 88.00 0.00 112.00 0.00 1.69891
4 52.00 0.00 148.00 0.00 84.00 0.00 116.00 0.00 1.39639
4 94.00 0.00 106.00 0.00 98.00 0.00 102.00 0.00 7.4573
4 88.00 0.00 112.00 0.00 96.00 0.00 104.00 0.00 4.24308
4 92.00 0.00 110.00 0.00 98.00 0.00 104.00 0.00 5.37995
4 98.00 0.00 104.00 0.00 100.00 0.00 102.00 0.00 26.952
4 72.00 0.00 132.00 0.00 92.00 0.00 112.00 0.00 2.03931
4 60.00 0.00 144.00 0.00 88.00 0.00 116.00 0.00 1.5218
4 84.00 0.00 120.00 0.00 96.00 0.00 108.00 0.00 3.34136
4 96.00 0.00 108.00 0.00 100.00 0.00 104.00 0.00 8.73695
4 48.00 0.00 156.00 0.00 84.00 0.00 120.00 0.00 1.33679
4 94.00 0.00 112.00 0.00 100.00 0.00 106.00 0.00 6.56767
4 100.00 0.00 106.00 0.00 102.00 0.00 104.00 0.00 26.5423
4 68.00 0.00 140.00 0.00 92.00 0.00 116.00 0.00 1.70529
4 80.00 0.00 128.00 0.00 96.00 0.00 112.00 0.00 2.41693
4 98.00 0.00 110.00 0.00 102.00 0.00 106.00 0.00 10.4681
4 92.00 0.00 116.00 0.00 100.00 0.00 108.00 0.00 5.25343
4 56.00 0.00 152.00 0.00 88.00 0.00 120.00 0.00 1.43928
4 96.00 0.00 114.00 0.00 102.00 0.00 108.00 0.00 6.86359
4 102.00 0.00 108.00 0.00 104.00 0.00 106.00 0.00 29.5784
4 64.00 0.00 148.00 0.00 92.00 0.00 120.00 0.00 1.58664
4 52.00 0.00 160.00 0.00 88.00 0.00 124.00 0.00 1.36468
4 88.00 0.00 124.00 0.00 100.00 0.00 112.00 0.00 3.23386
4 100.00 0.00 112.00 0.00 104.00 0.00 108.00 0.00 9.91257
4 76.00 0.00 136.00 0.00 96.00 0.00 116.00 0.00 1.98469
4 104.00 0.00 110.00 0.00 106.00 0.00 108.00 0.00 22.4962
4 98.00 0.00 116.00 0.00 104.00 0.00 110.00 0.00 6.15528
4 72.00 0.00 144.00 0.00 96.00 0.00 120.00 0.00 1.85394
4 84.00 0.00 132.00 0.00 100.00 0.00 116.00 0.00 2.4647
4 96.00 0.00 120.00 0.00 104.00 0.00 112.00 0.00 4.26044
4 60.00 0.00 156.00 0.00 92.00 0.00 124.00 0.00 1.45915
4 102.00 0.00 114.00 0.00 106.00 0.00 110.00 0.00 8.53469
4 106.00 0.00 112.00 0.00 108.00 0.00 110.00 0.00 21.4763
4 100.00 0.00 118.00 0.00 106.00 0.00 112.00 0.00 4.98818
4 92.00 0.00 128.00 0.00 104.00 0.00 116.00 0.00 3.02208
4 80.00 0.00 140.00 0.00 100.00 0.00 120.00 0.00 2.12437
4 104.00 0.00 116.00 0.00 108.00 0.00 112.00 0.00 7.99202
4 68.00 0.00 152.00 0.00 96.00 0.00 124.00 0.00 1.65506
4 102.00 0.00 120.00 0.00 108.00 0.00 114.00 0.00 4.50639
4 108.00 0.00 114.00 0.00 110.00 0.00 112.00 0.00 18.3873
4 106.00 0.00 118.00 0.00 110.00 0.00 114.00 0.00 8.58761
4 100.00 0.00 124.00 0.00 108.00 0.00 116.00 0.00 3.43025
4 64.00 0.00 160.00 0.00 96.00 0.00 128.00 0.00 1.52796
4 76.00 0.00 148.00 0.00 100.00 0.00 124.00 0.00 1.91588
4 88.00 0.00 136.00 0.00 104.00 0.00 120.00 0.00 2.42644
4 110.00 0.00 116.00 0.00 112.00 0.00 114.00 0.00 18.7614
4 72.00 0.00 156.00 0.00 100.00 0.00 128.00 0.00 1.7345
4 108.00 0.00 120.00 0.00 112.00 0.00 116.00 0.00 8.82354
4 96.00 0.00 132.00 0.00 108.00 0.00 120.00 0.00 2.7352
4 84.00 0.00 144.00 0.00 104.00 0.00 124.00 0.00 2.07205
4 112.00 0.00 118.00 0.00 114.00 0.00 116.00 0.00 21.0767
4 104.00 0.00 128.00 0.00 112.00 0.00 120.00 0.00 4.32951
4 92.00 0.00 140.00 0.00 108.00 0.00 124.00 0.00 2.24119
4 80.00 0.00 152.00 0.00 104.00 0.00 128.00 0.00 1.82723
4 114.00 0.00 120.00 0.00 116.00 0.00 118.00 0.00 21.9924
4 112.00 0.00 124.00 0.00 116.00 0.00 120.00 0.00 9.24134
4 100.00 0.00 136.00 0.00 112.00 0.00 124.00 0.00 2.78918
4 76.00 0.00 160.00 0.00 104.00 0.00 132.00 0.00 1.65428
4 88.00 0.00 148.00 0.00 108.00 0.00 128.00 0.00 1.94422
4 108.00 0.00 132.00 0.00 116.00 0.00 124.00 0.00 4.94203
4 96.00 0.00 144.00 0.00 112.00 0.00 128.00 0.00 2.28464
4 84.00 0.00 156.00 0.00 108.00 0.00 132.00 0.00 1.65781
4 92.00 0.00 152.00 0.00 112.00 0.00 132.00 0.00 1.9399
4 104.00 0.00 140.00 0.00 116.00 0.00 128.00 0.00 3.16576
4 116.00 0.00 128.00 0.00 120.00 0.00 124.00 0.00 7.9945
4 88.00 0.00 160.00 0.00 112.00 0.00 136.00 0.00 1.74978
4 100.00 0.00 148.00 0.00 116.00 0.00 132.00 0.00 2.35016
4 112.00 0.00 136.00 0.00 120.00 0.00 128.00 0.00 4.09127
4 108.00 0.00 144.00 0.00 120.00 0.00 132.00 0.00 3.11326
4 120.00 0.00 132.00 0.00 124.00 0.00 128.00 0.00 8.24005
4 96.00 0.00 156.00 0.00 116.00 0.00 136.00 0.00 1.97405
4 116.00 0.00 140.00 0.00 124.00 0.00 132.00 0.00 3.87149
4 104.00 0.00 152.00 0.00 120.00 0.00 136.00 0.00 2.38944
4 112.00 0.00 148.00 0.00 124.00 0.00 136.00 0.00 3.07401
4 100.00 0.00 160.00 0.00 120.00 0.00 140.00 0.00 1.83462
4 124.00 0.00 136.00 0.00 128.00 0.00 132.00 0.00 6.66802
4 120.00 0.00 144.00 0.00 128.00 0.00 136.00 0.00 4.17466
4 108.00 0.00 156.00 0.00 124.00 0.00 140.00 0.00 2.29231
4 128.00 0.00 140.00 0.00 132.00 0.00 136.00 0.00 7.13721
4 116.00 0.00 152.00 0.00 128.00 0.00 140.00 0.00 2.70213
4 124.00 0.00 148.00 0.00 132.00 0.00 140.00 0.00 4.05647
4 112.00 0.00 160.00 0.00 128.00 0.00 144.00 0.00 2.22844
4 132.00 0.00 144.00 0.00 136.00 0.00 140.00 0.00 5.13628
4 120.00 0.00 156.00 0.00 132.00 0.00 144.00 0.00 2.89324
4 128.00 0.00 152.00 0.00 136.00 0.00 144.00 0.00 3.69907
4 124.00 0.00 160.00 0.00 136.00 0.00 148.00 0.00 2.64596
4 136.00 0.00 148.00 0.00 140.00 0.00 144.00 0.00 7.05578
4 132.00 0.00 156.00 0.00 140.00 0.00 148.00 0.00 3.5744
4 140.00 0.00 152.00 0.00 144.00 0.00 148.00 0.00 5.26162
4 136.00 0.00 160.00 0.00 144.00 0.00 152.00 0.00 3.7904
4 144.00 0.00 156.00 0.00 148.00 0.00 152.00 0.00 7.16308
4 148.00 0.00 160.00 0.00 152.00 0.00 156.00 0.00 6.34918
0
0
0
0
0
0
0
0
